0 0.458122
0.04 0.45094
0.08 0.444336
0.12 0.438259
0.16 0.432666
0.2 0.427515
0.24 0.42277
0.28 0.418397
0.32 0.414366
0.36 0.410648
0.4 0.407219
0.44 0.404055
0.48 0.401135
0.52 0.398439
0.56 0.39595
0.6 0.393651
0.64 0.391527
0.68 0.389565
0.72 0.387752
0.76 0.386077
0.8 0.384528
0.84 0.383096
0.88 0.381772
0.92 0.380548
0.96 0.379416
1 0.378369
1.04 0.377401
1.08 0.376505
1.12 0.375676
1.16 0.37491
1.2 0.3742
1.24 0.373544
1.28 0.372937
1.32 0.372374
1.36 0.371854
1.4 0.371373
1.44 0.370927
1.48 0.370515
1.52 0.370133
1.56 0.36978
1.6 0.369452
1.64 0.36915
1.68 0.368869
1.72 0.36861
1.76 0.36837
1.8 0.368147
1.84 0.367941
1.88 0.367751
1.92 0.367574
1.96 0.367411
2 0.367259
2.04 0.367119
2.08 0.366989
2.12 0.366869
2.16 0.366758
2.2 0.366655
2.24 0.36656
2.28 0.366472
2.32 0.36639
2.36 0.366314
2.4 0.366244
2.44 0.366179
2.48 0.366119
2.52 0.366063
2.56 0.366012
2.6 0.365964
2.64 0.36592
2.68 0.365879
2.72 0.365841
2.76 0.365806
2.8 0.365773
2.84 0.365743
2.88 0.365715
2.92 0.36569
2.96 0.365666
3 0.365644
3.04 0.365623
3.08 0.365604
3.12 0.365587
3.16 0.36557
3.2 0.365555
3.24 0.365541
3.28 0.365528
3.32 0.365516
3.36 0.365505
3.4 0.365495
3.44 0.365486
3.48 0.365477
3.52 0.365469
3.56 0.365461
3.6 0.365454
3.64 0.365448
3.68 0.365442
3.72 0.365436
3.76 0.365431
3.8 0.365426
3.84 0.365422
3.88 0.365418
3.92 0.365414
3.96 0.36541
4 0.365407
4.04 0.365404
4.08 0.365401
4.12 0.365399
4.16 0.365396
4.2 0.365394
4.24 0.365392
4.28 0.36539
4.32 0.365389
4.36 0.365387
4.4 0.365385
4.44 0.365384
4.48 0.365383
4.52 0.365382
4.56 0.36538
4.6 0.365379
4.64 0.365378
4.68 0.365378
4.72 0.365377
4.76 0.365376
4.8 0.365375
4.84 0.365375
4.88 0.365374
4.92 0.365373
4.96 0.365373
5 0.365372
5.04 0.365372
5.08 0.365372
5.12 0.365371
5.16 0.365371
5.2 0.365371
5.24 0.36537
5.28 0.36537
5.32 0.36537
5.36 0.36537
5.4 0.365369
5.44 0.365369
5.48 0.365369
5.52 0.365369
5.56 0.365369
5.6 0.365368
5.64 0.365368
5.68 0.365368
5.72 0.365368
5.76 0.365368
5.8 0.365368
5.84 0.365368
5.88 0.365368
5.92 0.365368
5.96 0.365367
6 0.365367
6.04 0.365367
6.08 0.365367
6.12 0.365367
6.16 0.365367
6.2 0.365367
6.24 0.365367
6.28 0.365367
6.32 0.365367
6.36 0.365367
6.4 0.365367
6.44 0.365367
6.48 0.365367
6.52 0.365367
6.56 0.365367
6.6 0.365367
6.64 0.365367
6.68 0.365367
6.72 0.365367
6.76 0.365367
6.8 0.365367
6.84 0.365367
6.88 0.365367
6.92 0.365367
6.96 0.365367
7 0.365367
7.04 0.365367
7.08 0.365367
7.12 0.365367
7.16 0.365367
7.2 0.365367
7.24 0.365367
7.28 0.365367
7.32 0.365367
7.36 0.365367
7.4 0.365367
7.44 0.365367
7.48 0.365367
7.52 0.365367
7.56 0.365367
7.6 0.365367
7.64 0.365367
7.68 0.365367
7.72 0.365367
7.76 0.365367
7.8 0.365367
7.84 0.365367
7.88 0.365367
7.92 0.365367
7.96 0.365367
8 0.365367
8.04 0.365367
8.08 0.365367
8.12 0.365367
8.16 0.365367
8.2 0.365367
8.24 0.365367
8.28 0.365367
8.32 0.365367
8.36 0.365367
8.4 0.365367
8.44 0.365367
8.48 0.365367
8.52 0.365367
8.56 0.365367
8.6 0.365367
8.64 0.365367
8.68 0.365367
8.72 0.365367
8.76 0.365367
8.8 0.365367
8.84 0.365367
8.88 0.365367
8.92 0.365367
8.96 0.365367
9 0.365367
9.04 0.365367
9.08 0.365367
9.12 0.365367
9.16 0.365367
9.2 0.365367
9.24 0.365367
9.28 0.365367
9.32 0.365367
9.36 0.365367
9.4 0.365367
9.44 0.365367
9.48 0.365367
9.52 0.365367
9.56 0.365367
9.6 0.365367
9.64 0.365367
9.68 0.365367
9.72 0.365367
9.76 0.365367
9.8 0.365367
9.84 0.365367
9.88 0.365367
9.92 0.365367
9.96 0.365367
10 0.365367
10.04 0.365367
10.08 0.365367
10.12 0.365367
10.16 0.365367
10.2 0.365367
10.24 0.365367
10.28 0.365367
10.32 0.365367
10.36 0.365367
10.4 0.365367
10.44 0.365367
10.48 0.365367
10.52 0.365367
10.56 0.365367
10.6 0.365367
10.64 0.365367
10.68 0.365367
10.72 0.365367
10.76 0.365367
10.8 0.365367
10.84 0.365367
10.88 0.365367
10.92 0.365367
10.96 0.365367
11 0.365367
11.04 0.365367
11.08 0.365367
11.12 0.365367
11.16 0.365367
11.2 0.365367
11.24 0.365367
11.28 0.365367
11.32 0.365367
11.36 0.365367
11.4 0.365367
11.44 0.365367
11.48 0.365367
11.52 0.365367
11.56 0.365367
11.6 0.365367
11.64 0.365367
11.68 0.365367
11.72 0.365367
11.76 0.365367
11.8 0.365367
11.84 0.365367
11.88 0.365367
11.92 0.365367
11.96 0.365367
12 0.365367
12.04 0.365367
12.08 0.365367
12.12 0.365367
12.16 0.365367
12.2 0.365367
12.24 0.365367
12.28 0.365367
12.32 0.365367
12.36 0.365367
12.4 0.365367
12.44 0.365367
12.48 0.365367
12.52 0.365367
12.56 0.365367
12.6 0.365366
12.64 0.365366
12.68 0.365366
12.72 0.365366
12.76 0.365366
12.8 0.365366
12.84 0.365366
12.88 0.365366
12.92 0.365366
12.96 0.365366
13 0.365366
13.04 0.365366
13.08 0.365366
13.12 0.365366
13.16 0.365366
13.2 0.365366
13.24 0.365366
13.28 0.365366
13.32 0.365366
13.36 0.365366
13.4 0.365366
13.44 0.365366
13.48 0.365366
13.52 0.365366
13.56 0.365366
13.6 0.365366
13.64 0.365366
13.68 0.365366
13.72 0.365366
13.76 0.365366
13.8 0.365366
13.84 0.365366
13.88 0.365366
13.92 0.365366
13.96 0.365366
14 0.365366
14.04 0.365366
14.08 0.365366
14.12 0.365366
14.16 0.365366
14.2 0.365366
14.24 0.365365
14.28 0.365365
14.32 0.365365
14.36 0.365365
14.4 0.365365
14.44 0.365365
14.48 0.365365
14.52 0.365365
14.56 0.365365
14.6 0.365364
14.64 0.365364
14.68 0.365364
14.72 0.365364
14.76 0.365364
14.8 0.365363
14.84 0.365363
14.88 0.365363
14.92 0.365363
14.96 0.365362
15 0.365362
15.04 0.365362
15.08 0.365361
15.12 0.365361
15.16 0.36536
15.2 0.36536
15.24 0.365359
15.28 0.365359
15.32 0.365358
15.36 0.365357
15.4 0.365357
15.44 0.365356
15.48 0.365355
15.52 0.365354
15.56 0.365353
15.6 0.365352
15.64 0.365351
15.68 0.365349
15.72 0.365348
15.76 0.365347
15.8 0.365345
15.84 0.365343
15.88 0.365341
15.92 0.365339
15.96 0.365337
16 0.365335
16.04 0.365332
16.08 0.36533
16.12 0.365327
16.16 0.365324
16.2 0.36532
16.24 0.365316
16.28 0.365312
16.32 0.365308
16.36 0.365303
16.4 0.365298
16.44 0.365293
16.48 0.365287
16.52 0.365281
16.56 0.365274
16.6 0.365266
16.64 0.365258
16.68 0.36525
16.72 0.36524
16.76 0.36523
16.8 0.365219
16.84 0.365208
16.88 0.365195
16.92 0.365181
16.96 0.365167
17 0.365151
17.04 0.365133
17.08 0.365115
17.12 0.365095
17.16 0.365073
17.2 0.365049
17.24 0.365024
17.28 0.364997
17.32 0.364967
17.36 0.364935
17.4 0.364901
17.44 0.364864
17.48 0.364824
17.52 0.36478
17.56 0.364734
17.6 0.364683
17.64 0.364628
17.68 0.36457
17.72 0.364506
17.76 0.364437
17.8 0.364363
17.84 0.364283
17.88 0.364197
17.92 0.364103
17.96 0.364002
18 0.363894
18.04 0.363776
18.08 0.363649
18.12 0.363512
18.16 0.363364
18.2 0.363205
18.24 0.363032
18.28 0.362846
18.32 0.362645
18.36 0.362428
18.4 0.362194
18.44 0.361942
18.48 0.361669
18.52 0.361374
18.56 0.361056
18.6 0.360713
18.64 0.360343
18.68 0.359943
18.72 0.359511
18.76 0.359046
18.8 0.358543
18.84 0.358001
18.88 0.357415
18.92 0.356784
18.96 0.356102
19 0.355367
19.04 0.354574
19.08 0.353719
19.12 0.352796
19.16 0.351801
19.2 0.350727
19.24 0.34957
19.28 0.348322
19.32 0.346976
19.36 0.345526
19.4 0.343963
19.44 0.342279
19.48 0.340464
19.52 0.338509
19.56 0.336404
19.6 0.334137
19.64 0.331696
19.68 0.32907
19.72 0.326244
19.76 0.323205
19.8 0.319936
19.84 0.316424
19.88 0.31265
19.92 0.308596
19.96 0.304245
