0 0 0
0.1 0.162855 0.0204649
0.2 0.15132 0.0760619
0.3 0.14173 0.160293
0.4 0.133726 0.268872
0.5 0.127022 0.399052
0.6 0.12139 0.549157
0.7 0.116645 0.718246
0.8 0.112638 0.905889
0.9 0.109246 1.11199
1 0.10637 1.33668
1.1 0.103926 1.58023
1.2 0.101848 1.84299
1.3 0.100077 2.12534
1.4 0.0985664 2.4277
1.5 0.0972771 2.75045
1.6 0.0961755 3.09396
1.7 0.0952335 3.45858
1.8 0.0944276 3.84462
1.9 0.0937376 4.25237
2 0.0931466 4.68206
2.1 0.0926402 5.1339
2.2 0.092206 5.60809
2.3 0.0918338 6.10475
2.4 0.0915146 6.62403
2.5 0.0912407 7.16602
2.6 0.0910056 7.73081
2.7 0.0908039 8.31844
2.8 0.0906308 8.92898
2.9 0.0904822 9.56244
3 0.0903545 10.2189
3.1 0.090245 10.8982
3.2 0.0901509 11.6006
3.3 0.0900701 12.3259
3.4 0.0900007 13.0742
3.5 0.0899411 13.8454
3.6 0.0898899 14.6395
3.7 0.0898459 15.4565
3.8 0.0898082 16.2964
3.9 0.0897757 17.1592
4 0.0897478 18.0449
4.1 0.0897239 18.9533
4.2 0.0897033 19.8846
4.3 0.0896857 20.8387
4.4 0.0896705 21.8155
4.5 0.0896574 22.815
4.6 0.0896462 23.8373
4.7 0.0896366 24.8823
4.8 0.0896283 25.95
4.9 0.0896212 27.0404
5 0.0896151 28.1534
5.1 0.0896099 29.2891
5.2 0.0896054 30.4474
5.3 0.0896015 31.6284
5.4 0.0895982 32.8319
5.5 0.0895953 34.0581
5.6 0.0895929 35.3069
5.7 0.0895908 36.5782
5.8 0.089589 37.8722
5.9 0.0895874 39.1887
6 0.0895861 40.5278
6.1 0.0895849 41.8894
6.2 0.0895839 43.2736
6.3 0.0895831 44.6804
6.4 0.0895824 46.1097
6.5 0.0895817 47.5616
6.6 0.0895812 49.036
6.7 0.0895807 50.5329
6.8 0.0895803 52.0524
6.9 0.08958 53.5944
7 0.0895797 55.1589
7.1 0.0895795 56.746
7.2 0.0895792 58.3556
7.3 0.0895791 59.9877
7.4 0.0895789 61.6423
7.5 0.0895788 63.3195
7.6 0.0895786 65.0192
7.7 0.0895785 66.7414
7.8 0.0895784 68.4861
7.9 0.0895784 70.2534
8 0.0895783 72.0432
8.1 0.0895783 73.8554
8.2 0.0895782 75.6902
8.3 0.0895782 77.5476
8.4 0.0895781 79.4274
8.5 0.0895781 81.3298
8.6 0.0895781 83.2546
8.7 0.0895781 85.202
8.8 0.089578 87.1719
8.9 0.089578 89.1644
9 0.089578 91.1793
9.1 0.089578 93.2167
9.2 0.089578 95.2767
9.3 0.089578 97.3592
9.4 0.089578 99.4642
9.5 0.089578 101.592
9.6 0.0895779 103.742
9.7 0.0895779 105.914
9.8 0.0895779 108.109
9.9 0.0895779 110.327
10 0.0895779 112.567
10.1 0.0895779 114.83
10.2 0.0895779 117.115
10.3 0.0895779 119.422
10.4 0.0895779 121.752
10.5 0.0895779 124.105
10.6 0.0895779 126.48
10.7 0.0895779 128.878
10.8 0.0895779 131.298
10.9 0.0895779 133.741
11 0.0895778 136.206
11.1 0.0895778 138.694
11.2 0.0895778 141.204
11.3 0.0895778 143.737
11.4 0.0895778 146.292
11.5 0.0895778 148.87
11.6 0.0895777 151.47
11.7 0.0895777 154.093
11.8 0.0895777 156.738
11.9 0.0895776 159.406
12 0.0895776 162.096
12.1 0.0895775 164.809
12.2 0.0895775 167.544
12.3 0.0895774 170.302
12.4 0.0895773 173.082
12.5 0.0895772 175.884
12.6 0.0895771 178.71
12.7 0.089577 181.557
12.8 0.0895768 184.427
12.9 0.0895766 187.32
13 0.0895764 190.235
13.1 0.0895761 193.172
13.2 0.0895759 196.132
13.3 0.0895755 199.114
13.4 0.0895751 202.119
13.5 0.0895747 205.146
13.6 0.0895741 208.195
13.7 0.0895735 211.266
13.8 0.0895728 214.36
13.9 0.089572 217.476
14 0.089571 220.614
14.1 0.0895698 223.774
14.2 0.0895685 226.956
14.3 0.089567 230.16
14.4 0.0895652 233.386
14.5 0.0895631 236.633
14.6 0.0895607 239.901
14.7 0.0895578 243.191
14.8 0.0895545 246.502
14.9 0.0895507 249.834
15 0.0895462 253.186
15.1 0.089541 256.558
15.2 0.089535 259.95
15.3 0.089528 263.361
15.4 0.0895198 266.79
15.5 0.0895102 270.238
15.6 0.0894992 273.702
15.7 0.0894862 277.182
15.8 0.0894712 280.677
15.9 0.0894537 284.186
16 0.0894334 287.706
16.1 0.0894097 291.237
16.2 0.0893821 294.775
16.3 0.0893501 298.318
16.4 0.0893127 301.864
16.5 0.0892693 305.408
16.6 0.0892188 308.946
16.7 0.08916 312.473
16.8 0.0890915 315.984
16.9 0.0890119 319.471
17 0.0889193 322.926
17.1 0.0888115 326.341
17.2 0.0886861 329.703
17.3 0.0885403 332.999
17.4 0.0883707 336.215
17.5 0.0881735 339.331
17.6 0.0879442 342.328
17.7 0.0876776 345.18
17.8 0.0873678 347.858
17.9 0.0870078 350.328
18 0.0865897 352.55
18.1 0.0861041 354.479
18.2 0.0855404 356.06
18.3 0.0848863 357.231
18.4 0.0841278 357.919
18.5 0.0832487 358.04
18.6 0.0822307 357.495
18.7 0.0810526 356.172
18.8 0.0796909 353.944
18.9 0.0781186 350.661
19 0.0763058 346.158
19.1 0.0742192 340.246
19.2 0.0718222 332.714
19.3 0.0690753 323.331
19.4 0.0659363 311.844
19.5 0.0623619 297.988
19.6 0.058309 281.486
19.7 0.0537377 262.072
19.8 0.0486158 239.507
19.9 0 0
