0 0.0824233
0.04 0.0789315
0.08 0.0756788
0.12 0.0726465
0.16 0.0698178
0.2 0.0671771
0.24 0.0647103
0.28 0.0624045
0.32 0.0602477
0.36 0.0582292
0.4 0.0563388
0.44 0.0545674
0.48 0.0529066
0.52 0.0513486
0.56 0.0498862
0.6 0.0485129
0.64 0.0472225
0.68 0.0460095
0.72 0.0448687
0.76 0.0437952
0.8 0.0427847
0.84 0.041833
0.88 0.0409364
0.92 0.0400912
0.96 0.0392942
1 0.0385425
1.04 0.0378331
1.08 0.0371634
1.12 0.036531
1.16 0.0359336
1.2 0.0353691
1.24 0.0348355
1.28 0.034331
1.32 0.0338538
1.36 0.0334023
1.4 0.0329751
1.44 0.0325708
1.48 0.0321879
1.52 0.0318253
1.56 0.0314819
1.6 0.0311565
1.64 0.0308481
1.68 0.0305558
1.72 0.0302787
1.76 0.030016
1.8 0.0297668
1.84 0.0295305
1.88 0.0293063
1.92 0.0290935
1.96 0.0288916
2 0.0287
2.04 0.0285181
2.08 0.0283454
2.12 0.0281814
2.16 0.0280257
2.2 0.0278778
2.24 0.0277373
2.28 0.0276039
2.32 0.0274771
2.36 0.0273567
2.4 0.0272422
2.44 0.0271335
2.48 0.0270301
2.52 0.0269318
2.56 0.0268385
2.6 0.0267497
2.64 0.0266653
2.68 0.026585
2.72 0.0265088
2.76 0.0264362
2.8 0.0263672
2.84 0.0263016
2.88 0.0262393
2.92 0.0261799
2.96 0.0261235
3 0.0260698
3.04 0.0260188
3.08 0.0259702
3.12 0.025924
3.16 0.0258801
3.2 0.0258382
3.24 0.0257985
3.28 0.0257606
3.32 0.0257246
3.36 0.0256904
3.4 0.0256578
3.44 0.0256267
3.48 0.0255972
3.52 0.0255691
3.56 0.0255424
3.6 0.025517
3.64 0.0254928
3.68 0.0254698
3.72 0.0254478
3.76 0.025427
3.8 0.0254071
3.84 0.0253882
3.88 0.0253702
3.92 0.0253531
3.96 0.0253368
4 0.0253213
4.04 0.0253066
4.08 0.0252925
4.12 0.0252792
4.16 0.0252664
4.2 0.0252543
4.24 0.0252428
4.28 0.0252318
4.32 0.0252214
4.36 0.0252114
4.4 0.025202
4.44 0.025193
4.48 0.0251844
4.52 0.0251762
4.56 0.0251685
4.6 0.0251611
4.64 0.025154
4.68 0.0251473
4.72 0.0251409
4.76 0.0251349
4.8 0.0251291
4.84 0.0251236
4.88 0.0251183
4.92 0.0251133
4.96 0.0251086
5 0.0251041
5.04 0.0250998
5.08 0.0250957
5.12 0.0250918
5.16 0.0250881
5.2 0.0250845
5.24 0.0250812
5.28 0.025078
5.32 0.0250749
5.36 0.025072
5.4 0.0250692
5.44 0.0250666
5.48 0.0250641
5.52 0.0250617
5.56 0.0250595
5.6 0.0250573
5.64 0.0250552
5.68 0.0250533
5.72 0.0250514
5.76 0.0250496
5.8 0.0250479
5.84 0.0250463
5.88 0.0250448
5.92 0.0250433
5.96 0.025042
6 0.0250406
6.04 0.0250394
6.08 0.0250382
6.12 0.025037
6.16 0.025036
6.2 0.0250349
6.24 0.0250339
6.28 0.025033
6.32 0.0250321
6.36 0.0250313
6.4 0.0250304
6.44 0.0250297
6.48 0.0250289
6.52 0.0250282
6.56 0.0250276
6.6 0.0250269
6.64 0.0250263
6.68 0.0250258
6.72 0.0250252
6.76 0.0250247
6.8 0.0250242
6.84 0.0250237
6.88 0.0250233
6.92 0.0250229
6.96 0.0250225
7 0.0250221
7.04 0.0250217
7.08 0.0250213
7.12 0.025021
7.16 0.0250207
7.2 0.0250204
7.24 0.0250201
7.28 0.0250198
7.32 0.0250196
7.36 0.0250193
7.4 0.0250191
7.44 0.0250189
7.48 0.0250186
7.52 0.0250184
7.56 0.0250182
7.6 0.0250181
7.64 0.0250179
7.68 0.0250177
7.72 0.0250175
7.76 0.0250174
7.8 0.0250172
7.84 0.0250171
7.88 0.025017
7.92 0.0250168
7.96 0.0250167
8 0.0250166
8.04 0.0250165
8.08 0.0250164
8.12 0.0250163
8.16 0.0250162
8.2 0.0250161
8.24 0.025016
8.28 0.0250159
8.32 0.0250159
8.36 0.0250158
8.4 0.0250157
8.44 0.0250157
8.48 0.0250156
8.52 0.0250155
8.56 0.0250155
8.6 0.0250154
8.64 0.0250154
8.68 0.0250153
8.72 0.0250153
8.76 0.0250152
8.8 0.0250152
8.84 0.0250151
8.88 0.0250151
8.92 0.025015
8.96 0.025015
9 0.0250149
9.04 0.0250149
9.08 0.0250149
9.12 0.0250148
9.16 0.0250148
9.2 0.0250148
9.24 0.0250147
9.28 0.0250147
9.32 0.0250147
9.36 0.0250147
9.4 0.0250146
9.44 0.0250146
9.48 0.0250146
9.52 0.0250145
9.56 0.0250145
9.6 0.0250145
9.64 0.0250145
9.68 0.0250144
9.72 0.0250144
9.76 0.0250144
9.8 0.0250144
9.84 0.0250143
9.88 0.0250143
9.92 0.0250143
9.96 0.0250143
10 0.0250142
10.04 0.0250142
10.08 0.0250142
10.12 0.0250141
10.16 0.0250141
10.2 0.0250141
10.24 0.0250141
10.28 0.025014
10.32 0.025014
10.36 0.025014
10.4 0.0250139
10.44 0.0250139
10.48 0.0250139
10.52 0.0250138
10.56 0.0250138
10.6 0.0250137
10.64 0.0250137
10.68 0.0250136
10.72 0.0250136
10.76 0.0250136
10.8 0.0250135
10.84 0.0250135
10.88 0.0250134
10.92 0.0250133
10.96 0.0250133
11 0.0250132
11.04 0.0250132
11.08 0.0250131
11.12 0.025013
11.16 0.0250129
11.2 0.0250129
11.24 0.0250128
11.28 0.0250127
11.32 0.0250126
11.36 0.0250125
11.4 0.0250124
11.44 0.0250123
11.48 0.0250122
11.52 0.0250121
11.56 0.025012
11.6 0.0250118
11.64 0.0250117
11.68 0.0250116
11.72 0.0250114
11.76 0.0250113
11.8 0.0250111
11.84 0.025011
11.88 0.0250108
11.92 0.0250106
11.96 0.0250104
12 0.0250102
12.04 0.02501
12.08 0.0250098
12.12 0.0250095
12.16 0.0250093
12.2 0.025009
12.24 0.0250087
12.28 0.0250085
12.32 0.0250082
12.36 0.0250078
12.4 0.0250075
12.44 0.0250072
12.48 0.0250068
12.52 0.0250064
12.56 0.025006
12.6 0.0250056
12.64 0.0250051
12.68 0.0250047
12.72 0.0250042
12.76 0.0250037
12.8 0.0250031
12.84 0.0250026
12.88 0.025002
12.92 0.0250013
12.96 0.0250007
13 0.025
13.04 0.0249993
13.08 0.0249985
13.12 0.0249977
13.16 0.0249969
13.2 0.024996
13.24 0.0249951
13.28 0.0249941
13.32 0.0249931
13.36 0.024992
13.4 0.0249909
13.44 0.0249897
13.48 0.0249884
13.52 0.0249871
13.56 0.0249857
13.6 0.0249843
13.64 0.0249828
13.68 0.0249812
13.72 0.0249795
13.76 0.0249778
13.8 0.0249759
13.84 0.024974
13.88 0.0249719
13.92 0.0249698
13.96 0.0249676
14 0.0249652
14.04 0.0249627
14.08 0.0249601
14.12 0.0249574
14.16 0.0249545
14.2 0.0249515
14.24 0.0249483
14.28 0.024945
14.32 0.0249415
14.36 0.0249379
14.4 0.024934
14.44 0.02493
14.48 0.0249257
14.52 0.0249212
14.56 0.0249166
14.6 0.0249116
14.64 0.0249065
14.68 0.024901
14.72 0.0248953
14.76 0.0248893
14.8 0.0248831
14.84 0.0248764
14.88 0.0248695
14.92 0.0248622
14.96 0.0248546
15 0.0248465
15.04 0.0248381
15.08 0.0248292
15.12 0.0248199
15.16 0.0248101
15.2 0.0247999
15.24 0.0247891
15.28 0.0247778
15.32 0.0247659
15.36 0.0247534
15.4 0.0247403
15.44 0.0247265
15.48 0.024712
15.52 0.0246968
15.56 0.0246809
15.6 0.0246641
15.64 0.0246466
15.68 0.0246281
15.72 0.0246087
15.76 0.0245883
15.8 0.024567
15.84 0.0245445
15.88 0.024521
15.92 0.0244962
15.96 0.0244703
16 0.024443
16.04 0.0244144
16.08 0.0243843
16.12 0.0243528
16.16 0.0243196
16.2 0.0242849
16.24 0.0242484
16.28 0.0242101
16.32 0.0241699
16.36 0.0241277
16.4 0.0240834
16.44 0.0240369
16.48 0.0239881
16.52 0.0239369
16.56 0.0238832
16.6 0.0238268
16.64 0.0237677
16.68 0.0237057
16.72 0.0236406
16.76 0.0235723
16.8 0.0235006
16.84 0.0234255
16.88 0.0233467
16.92 0.0232641
16.96 0.0231774
17 0.0230865
17.04 0.0229912
17.08 0.0228913
17.12 0.0227866
17.16 0.0226768
17.2 0.0225617
17.24 0.0224412
17.28 0.0223148
17.32 0.0221824
17.36 0.0220438
17.4 0.0218986
17.44 0.0217465
17.48 0.0215872
17.52 0.0214205
17.56 0.021246
17.6 0.0210634
17.64 0.0208723
17.68 0.0206724
17.72 0.0204633
17.76 0.0202448
17.8 0.0200163
17.84 0.0197775
17.88 0.019528
17.92 0.0192674
17.96 0.0189954
18 0.0187114
18.04 0.0184152
18.08 0.0181062
18.12 0.017784
18.16 0.0174483
18.2 0.0170987
18.24 0.0167347
18.28 0.016356
18.32 0.0159621
18.36 0.0155528
18.4 0.0151278
18.44 0.0146867
18.48 0.0142293
18.52 0.0137554
18.56 0.0132649
18.6 0.0127577
18.64 0.0122338
18.68 0.0116933
18.72 0.0111365
18.76 0.0105636
18.8 0.00997522
18.84 0.00937199
18.88 0.0087548
18.92 0.00812479
18.96 0.00748336
19 0.00683228
19.04 0.00617371
19.08 0.00551027
19.12 0.00484518
19.16 0.00418238
19.2 0.00352669
19.24 0.00288409
19.28 0.00226206
19.32 0.00167023
19.36 0.00112142
19.4 0.000633875
19.44 0.000237028
19.48 1.73732e-06
19.52 0
19.56 0
19.6 0
19.64 0
19.68 0
19.72 0
19.76 0
19.8 0
19.84 0
19.88 0
19.92 0
19.96 0
