0 0.11195
0.0400802 0.107365
0.0801603 0.103106
0.12024 0.0991475
0.160321 0.0954649
0.200401 0.0920365
0.240481 0.0888427
0.280561 0.0858654
0.320641 0.083088
0.360721 0.0804955
0.400802 0.0780741
0.440882 0.075811
0.480962 0.0736947
0.521042 0.0717146
0.561122 0.0698608
0.601202 0.0681245
0.641283 0.0664972
0.681363 0.0649715
0.721443 0.0635403
0.761523 0.0621971
0.801603 0.0609359
0.841683 0.0597513
0.881764 0.0586381
0.921844 0.0575916
0.961924 0.0566074
1.002 0.0556815
1.04208 0.0548101
1.08216 0.0539898
1.12224 0.0532173
1.16232 0.0524895
1.2024 0.0518037
1.24248 0.0511573
1.28257 0.0505478
1.32265 0.049973
1.36273 0.0494308
1.40281 0.0489192
1.44289 0.0484364
1.48297 0.0479805
1.52305 0.0475502
1.56313 0.0471437
1.60321 0.0467599
1.64329 0.0463972
1.68337 0.0460545
1.72345 0.0457306
1.76353 0.0454245
1.80361 0.0451351
1.84369 0.0448615
1.88377 0.0446027
1.92385 0.044358
1.96393 0.0441265
2.00401 0.0439076
2.04409 0.0437004
2.08417 0.0435044
2.12425 0.043319
2.16433 0.0431434
2.20441 0.0429773
2.24449 0.04282
2.28457 0.0426712
2.32465 0.0425302
2.36473 0.0423968
2.40481 0.0422704
2.44489 0.0421508
2.48497 0.0420375
2.52505 0.0419302
2.56513 0.0418286
2.60521 0.0417324
2.64529 0.0416412
2.68537 0.0415548
2.72545 0.041473
2.76553 0.0413955
2.80561 0.0413221
2.84569 0.0412525
2.88577 0.0411866
2.92585 0.0411242
2.96593 0.041065
3.00601 0.041009
3.04609 0.0409558
3.08617 0.0409055
3.12625 0.0408578
3.16633 0.0408126
3.20641 0.0407697
3.24649 0.0407291
3.28657 0.0406906
3.32665 0.0406542
3.36673 0.0406196
3.40681 0.0405868
3.44689 0.0405558
3.48697 0.0405264
3.52705 0.0404985
3.56713 0.040472
3.60721 0.0404469
3.64729 0.0404232
3.68737 0.0404007
3.72745 0.0403793
3.76754 0.0403591
3.80762 0.0403399
3.8477 0.0403217
3.88778 0.0403045
3.92786 0.0402881
3.96794 0.0402726
4.00802 0.0402579
4.0481 0.040244
4.08818 0.0402308
4.12826 0.0402183
4.16834 0.0402064
4.20842 0.0401952
4.2485 0.0401845
4.28858 0.0401744
4.32866 0.0401649
4.36874 0.0401558
4.40882 0.0401472
4.4489 0.040139
4.48898 0.0401312
4.52906 0.0401239
4.56914 0.040117
4.60922 0.0401104
4.6493 0.0401041
4.68938 0.0400982
4.72946 0.0400925
4.76954 0.0400872
4.80962 0.0400822
4.8497 0.0400774
4.88978 0.0400728
4.92986 0.0400685
4.96994 0.0400644
5.01002 0.0400606
5.0501 0.0400569
5.09018 0.0400534
5.13026 0.0400501
5.17034 0.040047
5.21042 0.040044
5.2505 0.0400412
5.29058 0.0400386
5.33066 0.040036
5.37074 0.0400336
5.41082 0.0400314
5.4509 0.0400292
5.49098 0.0400272
5.53106 0.0400252
5.57114 0.0400234
5.61122 0.0400216
5.6513 0.04002
5.69138 0.0400184
5.73146 0.0400169
5.77154 0.0400155
5.81162 0.0400142
5.8517 0.0400129
5.89178 0.0400117
5.93186 0.0400106
5.97194 0.0400095
6.01202 0.0400085
6.0521 0.0400075
6.09218 0.0400066
6.13226 0.0400057
6.17234 0.0400049
6.21242 0.0400041
6.25251 0.0400034
6.29259 0.0400027
6.33267 0.040002
6.37275 0.0400014
6.41283 0.0400008
6.45291 0.0400002
6.49299 0.0399997
6.53307 0.0399992
6.57315 0.0399987
6.61323 0.0399982
6.65331 0.0399978
6.69339 0.0399974
6.73347 0.039997
6.77355 0.0399966
6.81363 0.0399962
6.85371 0.0399959
6.89379 0.0399956
6.93387 0.0399953
6.97395 0.039995
7.01403 0.0399947
7.05411 0.0399945
7.09419 0.0399942
7.13427 0.039994
7.17435 0.0399938
7.21443 0.0399936
7.25451 0.0399934
7.29459 0.0399932
7.33467 0.039993
7.37475 0.0399929
7.41483 0.0399927
7.45491 0.0399926
7.49499 0.0399924
7.53507 0.0399923
7.57515 0.0399921
7.61523 0.039992
7.65531 0.0399919
7.69539 0.0399918
7.73547 0.0399917
7.77555 0.0399916
7.81563 0.0399915
7.85571 0.0399914
7.89579 0.0399913
7.93587 0.0399912
7.97595 0.0399912
8.01603 0.0399911
8.05611 0.039991
8.09619 0.039991
8.13627 0.0399909
8.17635 0.0399908
8.21643 0.0399908
8.25651 0.0399907
8.29659 0.0399907
8.33667 0.0399906
8.37675 0.0399906
8.41683 0.0399906
8.45691 0.0399905
8.49699 0.0399905
8.53707 0.0399904
8.57715 0.0399904
8.61723 0.0399904
8.65731 0.0399903
8.69739 0.0399903
8.73747 0.0399903
8.77756 0.0399903
8.81764 0.0399902
8.85772 0.0399902
8.8978 0.0399902
8.93788 0.0399902
8.97796 0.0399901
9.01804 0.0399901
9.05812 0.0399901
9.0982 0.0399901
9.13828 0.0399901
9.17836 0.03999
9.21844 0.03999
9.25852 0.03999
9.2986 0.03999
9.33868 0.03999
9.37876 0.03999
9.41884 0.0399899
9.45892 0.0399899
9.499 0.0399899
9.53908 0.0399899
9.57916 0.0399899
9.61924 0.0399899
9.65932 0.0399899
9.6994 0.0399898
9.73948 0.0399898
9.77956 0.0399898
9.81964 0.0399898
9.85972 0.0399898
9.8998 0.0399898
9.93988 0.0399898
9.97996 0.0399898
10.02 0.0399898
10.0601 0.0399897
10.1002 0.0399897
10.1403 0.0399897
10.1804 0.0399897
10.2204 0.0399897
10.2605 0.0399897
10.3006 0.0399897
10.3407 0.0399896
10.3808 0.0399896
10.4208 0.0399896
10.4609 0.0399896
10.501 0.0399896
10.5411 0.0399896
10.5812 0.0399895
10.6212 0.0399895
10.6613 0.0399895
10.7014 0.0399895
10.7415 0.0399895
10.7816 0.0399894
10.8216 0.0399894
10.8617 0.0399894
10.9018 0.0399894
10.9419 0.0399893
10.982 0.0399893
11.022 0.0399893
11.0621 0.0399892
11.1022 0.0399892
11.1423 0.0399892
11.1824 0.0399891
11.2224 0.0399891
11.2625 0.0399891
11.3026 0.039989
11.3427 0.039989
11.3828 0.0399889
11.4228 0.0399889
11.4629 0.0399888
11.503 0.0399888
11.5431 0.0399887
11.5832 0.0399886
11.6232 0.0399886
11.6633 0.0399885
11.7034 0.0399884
11.7435 0.0399884
11.7836 0.0399883
11.8236 0.0399882
11.8637 0.0399881
11.9038 0.039988
11.9439 0.0399879
11.984 0.0399878
12.024 0.0399877
12.0641 0.0399876
12.1042 0.0399875
12.1443 0.0399873
12.1844 0.0399872
12.2244 0.0399871
12.2645 0.0399869
12.3046 0.0399867
12.3447 0.0399866
12.3848 0.0399864
12.4248 0.0399862
12.4649 0.039986
12.505 0.0399858
12.5451 0.0399856
12.5852 0.0399854
12.6253 0.0399851
12.6653 0.0399849
12.7054 0.0399846
12.7455 0.0399843
12.7856 0.039984
12.8257 0.0399837
12.8657 0.0399833
12.9058 0.039983
12.9459 0.0399826
12.986 0.0399822
13.0261 0.0399818
13.0661 0.0399814
13.1062 0.0399809
13.1463 0.0399804
13.1864 0.0399799
13.2265 0.0399794
13.2665 0.0399788
13.3066 0.0399782
13.3467 0.0399776
13.3868 0.0399769
13.4269 0.0399762
13.4669 0.0399754
13.507 0.0399746
13.5471 0.0399738
13.5872 0.0399729
13.6273 0.039972
13.6673 0.0399711
13.7074 0.03997
13.7475 0.0399689
13.7876 0.0399678
13.8277 0.0399666
13.8677 0.0399653
13.9078 0.039964
13.9479 0.0399626
13.988 0.0399611
14.0281 0.0399595
14.0681 0.0399579
14.1082 0.0399561
14.1483 0.0399543
14.1884 0.0399523
14.2285 0.0399503
14.2685 0.0399481
14.3086 0.0399459
14.3487 0.0399435
14.3888 0.0399409
14.4289 0.0399382
14.4689 0.0399354
14.509 0.0399325
14.5491 0.0399293
14.5892 0.039926
14.6293 0.0399225
14.6693 0.0399189
14.7094 0.039915
14.7495 0.0399109
14.7896 0.0399066
14.8297 0.039902
14.8697 0.0398972
14.9098 0.0398922
14.9499 0.0398868
14.99 0.0398812
15.0301 0.0398753
15.0701 0.039869
15.1102 0.0398624
15.1503 0.0398554
15.1904 0.0398481
15.2305 0.0398404
15.2705 0.0398322
15.3106 0.0398236
15.3507 0.0398145
15.3908 0.0398049
15.4309 0.0397948
15.4709 0.0397842
15.511 0.0397729
15.5511 0.0397611
15.5912 0.0397486
15.6313 0.0397354
15.6713 0.0397216
15.7114 0.0397069
15.7515 0.0396915
15.7916 0.0396752
15.8317 0.039658
15.8717 0.0396399
15.9118 0.0396208
15.9519 0.0396006
15.992 0.0395794
16.0321 0.039557
16.0721 0.0395334
16.1122 0.0395085
16.1523 0.0394823
16.1924 0.0394546
16.2325 0.0394254
16.2725 0.0393947
16.3126 0.0393622
16.3527 0.039328
16.3928 0.039292
16.4329 0.039254
16.4729 0.0392139
16.513 0.0391716
16.5531 0.0391271
16.5932 0.0390802
16.6333 0.0390307
16.6733 0.0389785
16.7134 0.0389236
16.7535 0.0388656
16.7936 0.0388046
16.8337 0.0387402
16.8737 0.0386724
16.9138 0.0386009
16.9539 0.0385256
16.994 0.0384462
17.0341 0.0383625
17.0741 0.0382744
17.1142 0.0381816
17.1543 0.0380838
17.1944 0.0379807
17.2345 0.0378722
17.2745 0.0377578
17.3146 0.0376374
17.3547 0.0375106
17.3948 0.037377
17.4349 0.0372364
17.4749 0.0370884
17.515 0.0369325
17.5551 0.0367684
17.5952 0.0365957
17.6353 0.0364139
17.6754 0.0362227
17.7154 0.0360214
17.7555 0.0358097
17.7956 0.035587
17.8357 0.0353528
17.8758 0.0351065
17.9158 0.0348476
17.9559 0.0345754
17.996 0.0342893
18.0361 0.0339888
18.0762 0.033673
18.1162 0.0333414
18.1563 0.0329932
18.1964 0.0326276
18.2365 0.032244
18.2766 0.0318416
18.3166 0.0314195
18.3567 0.030977
18.3968 0.0305132
18.4369 0.0300274
18.477 0.0295186
18.517 0.028986
18.5571 0.0284289
18.5972 0.0278463
18.6373 0.0272374
18.6774 0.0266015
18.7174 0.0259377
18.7575 0.0252453
18.7976 0.0245237
18.8377 0.0237722
18.8778 0.0229903
18.9178 0.0221775
18.9579 0.0213336
18.998 0.0204583
19.0381 0.0195517
19.0782 0.018614
19.1182 0.0176456
19.1583 0.0166472
19.1984 0.01562
19.2385 0.0145654
19.2786 0.0134855
19.3186 0.0123828
19.3587 0.0112606
19.3988 0.0101229
19.4389 0.0089748
19.479 0.00782261
19.519 0.00667415
19.5591 0.0055392
19.5992 0.00443005
19.6393 0.0033625
19.6794 0.00235738
19.7194 0.00144358
19.7595 0.000665211
19.7996 0.000106743
19.8397 0
19.8798 0
19.9198 0
19.9599 0
20 0
