0 0.140487
0.04 0.136218
0.08 0.132252
0.12 0.128564
0.16 0.125132
0.2 0.121937
0.24 0.11896
0.28 0.116186
0.32 0.113598
0.36 0.111184
0.4 0.10893
0.44 0.106825
0.48 0.104858
0.52 0.103019
0.56 0.101299
0.6 0.0996899
0.64 0.0981838
0.68 0.0967736
0.72 0.0954527
0.76 0.0942151
0.8 0.0930552
0.84 0.0919676
0.88 0.0909478
0.92 0.089991
0.96 0.0890933
1 0.0882508
1.04 0.0874598
1.08 0.0867171
1.12 0.0860196
1.16 0.0853644
1.2 0.0847487
1.24 0.0841702
1.28 0.0836264
1.32 0.0831153
1.36 0.0826347
1.4 0.0821828
1.44 0.0817578
1.48 0.0813581
1.52 0.080982
1.56 0.0806283
1.6 0.0802954
1.64 0.0799821
1.68 0.0796873
1.72 0.0794099
1.76 0.0791487
1.8 0.0789028
1.84 0.0786714
1.88 0.0784535
1.92 0.0782483
1.96 0.0780551
2 0.0778731
2.04 0.0777017
2.08 0.0775404
2.12 0.0773884
2.16 0.0772452
2.2 0.0771103
2.24 0.0769833
2.28 0.0768636
2.32 0.0767509
2.36 0.0766446
2.4 0.0765446
2.44 0.0764503
2.48 0.0763614
2.52 0.0762777
2.56 0.0761988
2.6 0.0761245
2.64 0.0760545
2.68 0.0759885
2.72 0.0759263
2.76 0.0758677
2.8 0.0758124
2.84 0.0757604
2.88 0.0757113
2.92 0.0756651
2.96 0.0756215
3 0.0755805
3.04 0.0755418
3.08 0.0755053
3.12 0.0754709
3.16 0.0754385
3.2 0.0754079
3.24 0.0753791
3.28 0.075352
3.32 0.0753264
3.36 0.0753023
3.4 0.0752796
3.44 0.0752582
3.48 0.075238
3.52 0.0752189
3.56 0.075201
3.6 0.0751841
3.64 0.0751682
3.68 0.0751531
3.72 0.075139
3.76 0.0751256
3.8 0.075113
3.84 0.0751012
3.88 0.07509
3.92 0.0750794
3.96 0.0750695
4 0.0750601
4.04 0.0750513
4.08 0.075043
4.12 0.0750351
4.16 0.0750277
4.2 0.0750208
4.24 0.0750142
4.28 0.075008
4.32 0.0750022
4.36 0.0749967
4.4 0.0749915
4.44 0.0749866
4.48 0.074982
4.52 0.0749776
4.56 0.0749735
4.6 0.0749696
4.64 0.074966
4.68 0.0749626
4.72 0.0749593
4.76 0.0749563
4.8 0.0749534
4.84 0.0749507
4.88 0.0749481
4.92 0.0749457
4.96 0.0749434
5 0.0749413
5.04 0.0749393
5.08 0.0749374
5.12 0.0749356
5.16 0.0749339
5.2 0.0749323
5.24 0.0749308
5.28 0.0749294
5.32 0.074928
5.36 0.0749268
5.4 0.0749256
5.44 0.0749245
5.48 0.0749234
5.52 0.0749224
5.56 0.0749215
5.6 0.0749206
5.64 0.0749198
5.68 0.074919
5.72 0.0749182
5.76 0.0749175
5.8 0.0749169
5.84 0.0749163
5.88 0.0749157
5.92 0.0749151
5.96 0.0749146
6 0.0749141
6.04 0.0749137
6.08 0.0749132
6.12 0.0749128
6.16 0.0749124
6.2 0.0749121
6.24 0.0749117
6.28 0.0749114
6.32 0.0749111
6.36 0.0749108
6.4 0.0749105
6.44 0.0749103
6.48 0.07491
6.52 0.0749098
6.56 0.0749096
6.6 0.0749094
6.64 0.0749092
6.68 0.074909
6.72 0.0749088
6.76 0.0749087
6.8 0.0749085
6.84 0.0749084
6.88 0.0749083
6.92 0.0749081
6.96 0.074908
7 0.0749079
7.04 0.0749078
7.08 0.0749077
7.12 0.0749076
7.16 0.0749075
7.2 0.0749074
7.24 0.0749074
7.28 0.0749073
7.32 0.0749072
7.36 0.0749071
7.4 0.0749071
7.44 0.074907
7.48 0.074907
7.52 0.0749069
7.56 0.0749069
7.6 0.0749068
7.64 0.0749068
7.68 0.0749067
7.72 0.0749067
7.76 0.0749067
7.8 0.0749066
7.84 0.0749066
7.88 0.0749066
7.92 0.0749065
7.96 0.0749065
8 0.0749065
8.04 0.0749065
8.08 0.0749064
8.12 0.0749064
8.16 0.0749064
8.2 0.0749064
8.24 0.0749064
8.28 0.0749063
8.32 0.0749063
8.36 0.0749063
8.4 0.0749063
8.44 0.0749063
8.48 0.0749063
8.52 0.0749063
8.56 0.0749062
8.6 0.0749062
8.64 0.0749062
8.68 0.0749062
8.72 0.0749062
8.76 0.0749062
8.8 0.0749062
8.84 0.0749062
8.88 0.0749062
8.92 0.0749062
8.96 0.0749062
9 0.0749061
9.04 0.0749061
9.08 0.0749061
9.12 0.0749061
9.16 0.0749061
9.2 0.0749061
9.24 0.0749061
9.28 0.0749061
9.32 0.0749061
9.36 0.0749061
9.4 0.0749061
9.44 0.0749061
9.48 0.0749061
9.52 0.0749061
9.56 0.0749061
9.6 0.0749061
9.64 0.0749061
9.68 0.0749061
9.72 0.0749061
9.76 0.0749061
9.8 0.0749061
9.84 0.0749061
9.88 0.0749061
9.92 0.0749061
9.96 0.0749061
10 0.0749061
10.04 0.0749061
10.08 0.074906
10.12 0.074906
10.16 0.074906
10.2 0.074906
10.24 0.074906
10.28 0.074906
10.32 0.074906
10.36 0.074906
10.4 0.074906
10.44 0.074906
10.48 0.074906
10.52 0.074906
10.56 0.074906
10.6 0.074906
10.64 0.074906
10.68 0.074906
10.72 0.074906
10.76 0.074906
10.8 0.074906
10.84 0.074906
10.88 0.074906
10.92 0.074906
10.96 0.074906
11 0.0749059
11.04 0.0749059
11.08 0.0749059
11.12 0.0749059
11.16 0.0749059
11.2 0.0749059
11.24 0.0749059
11.28 0.0749059
11.32 0.0749059
11.36 0.0749059
11.4 0.0749059
11.44 0.0749058
11.48 0.0749058
11.52 0.0749058
11.56 0.0749058
11.6 0.0749058
11.64 0.0749058
11.68 0.0749058
11.72 0.0749057
11.76 0.0749057
11.8 0.0749057
11.84 0.0749057
11.88 0.0749056
11.92 0.0749056
11.96 0.0749056
12 0.0749056
12.04 0.0749055
12.08 0.0749055
12.12 0.0749055
12.16 0.0749054
12.2 0.0749054
12.24 0.0749054
12.28 0.0749053
12.32 0.0749053
12.36 0.0749052
12.4 0.0749052
12.44 0.0749051
12.48 0.0749051
12.52 0.074905
12.56 0.0749049
12.6 0.0749049
12.64 0.0749048
12.68 0.0749047
12.72 0.0749046
12.76 0.0749045
12.8 0.0749044
12.84 0.0749043
12.88 0.0749042
12.92 0.0749041
12.96 0.074904
13 0.0749039
13.04 0.0749038
13.08 0.0749036
13.12 0.0749035
13.16 0.0749033
13.2 0.0749031
13.24 0.074903
13.28 0.0749028
13.32 0.0749026
13.36 0.0749024
13.4 0.0749021
13.44 0.0749019
13.48 0.0749017
13.52 0.0749014
13.56 0.0749011
13.6 0.0749008
13.64 0.0749005
13.68 0.0749001
13.72 0.0748998
13.76 0.0748994
13.8 0.074899
13.84 0.0748986
13.88 0.0748981
13.92 0.0748976
13.96 0.0748971
14 0.0748966
14.04 0.074896
14.08 0.0748954
14.12 0.0748947
14.16 0.0748941
14.2 0.0748933
14.24 0.0748926
14.28 0.0748917
14.32 0.0748909
14.36 0.0748899
14.4 0.074889
14.44 0.0748879
14.48 0.0748868
14.52 0.0748857
14.56 0.0748844
14.6 0.0748831
14.64 0.0748817
14.68 0.0748802
14.72 0.0748787
14.76 0.074877
14.8 0.0748752
14.84 0.0748734
14.88 0.0748714
14.92 0.0748693
14.96 0.074867
15 0.0748647
15.04 0.0748621
15.08 0.0748595
15.12 0.0748566
15.16 0.0748536
15.2 0.0748504
15.24 0.0748471
15.28 0.0748435
15.32 0.0748397
15.36 0.0748357
15.4 0.0748314
15.44 0.0748268
15.48 0.074822
15.52 0.0748169
15.56 0.0748115
15.6 0.0748058
15.64 0.0747997
15.68 0.0747932
15.72 0.0747864
15.76 0.0747791
15.8 0.0747714
15.84 0.0747632
15.88 0.0747545
15.92 0.0747453
15.96 0.0747355
16 0.0747252
16.04 0.0747142
16.08 0.0747025
16.12 0.0746902
16.16 0.0746771
16.2 0.0746632
16.24 0.0746484
16.28 0.0746328
16.32 0.0746162
16.36 0.0745986
16.4 0.0745799
16.44 0.0745601
16.48 0.0745391
16.52 0.0745169
16.56 0.0744932
16.6 0.0744682
16.64 0.0744416
16.68 0.0744134
16.72 0.0743835
16.76 0.0743518
16.8 0.0743182
16.84 0.0742826
16.88 0.0742448
16.92 0.0742047
16.96 0.0741621
17 0.074117
17.04 0.0740692
17.08 0.0740185
17.12 0.0739647
17.16 0.0739077
17.2 0.0738472
17.24 0.0737831
17.28 0.0737151
17.32 0.073643
17.36 0.0735665
17.4 0.0734855
17.44 0.0733995
17.48 0.0733084
17.52 0.0732118
17.56 0.0731094
17.6 0.0730009
17.64 0.0728858
17.68 0.0727639
17.72 0.0726346
17.76 0.0724975
17.8 0.0723523
17.84 0.0721984
17.88 0.0720353
17.92 0.0718624
17.96 0.0716793
18 0.0714852
18.04 0.0712797
18.08 0.0710619
18.12 0.0708312
18.16 0.0705868
18.2 0.070328
18.24 0.0700539
18.28 0.0697637
18.32 0.0694564
18.36 0.0691312
18.4 0.0687868
18.44 0.0684224
18.48 0.0680368
18.52 0.0676288
18.56 0.0671972
18.6 0.0667406
18.64 0.0662579
18.68 0.0657474
18.72 0.0652079
18.76 0.0646377
18.8 0.0640352
18.84 0.0633988
18.88 0.0627268
18.92 0.0620173
18.96 0.0612686
19 0.0604787
19.04 0.0596457
19.08 0.0587675
19.12 0.0578421
19.16 0.0568675
19.2 0.0558414
19.24 0.0547618
19.28 0.0536265
19.32 0.0524333
19.36 0.0511803
19.4 0.0498652
19.44 0.0484861
19.48 0.0470413
19.52 0.0455288
19.56 0.0439473
19.6 0.0422955
19.64 0.0405722
19.68 0.0387771
19.72 0.0369098
19.76 0.0349708
19.8 0.0329613
19.84 0.030883
19.88 0.0287389
19.92 0.0265331
19.96 0.024271
