0 0.12347
0.04 0.119409
0.08 0.115633
0.12 0.112119
0.16 0.108847
0.2 0.105798
0.24 0.102955
0.28 0.100303
0.32 0.0978277
0.36 0.0955159
0.4 0.0933557
0.44 0.0913361
0.48 0.089447
0.52 0.0876792
0.56 0.0860242
0.6 0.0844741
0.64 0.0830216
0.68 0.0816601
0.72 0.0803833
0.76 0.0791856
0.8 0.0780617
0.84 0.0770066
0.88 0.0760159
0.92 0.0750853
0.96 0.0742109
1 0.0733892
1.04 0.0726167
1.08 0.0718902
1.12 0.071207
1.16 0.0705643
1.2 0.0699595
1.24 0.0693902
1.28 0.0688544
1.32 0.0683499
1.36 0.0678748
1.4 0.0674274
1.44 0.0670059
1.48 0.0666088
1.52 0.0662346
1.56 0.0658819
1.6 0.0655495
1.64 0.0652362
1.68 0.0649408
1.72 0.0646623
1.76 0.0643997
1.8 0.064152
1.84 0.0639184
1.88 0.0636981
1.92 0.0634903
1.96 0.0632942
2 0.0631092
2.04 0.0629346
2.08 0.0627699
2.12 0.0626145
2.16 0.0624678
2.2 0.0623294
2.24 0.0621988
2.28 0.0620754
2.32 0.061959
2.36 0.0618492
2.4 0.0617454
2.44 0.0616475
2.48 0.061555
2.52 0.0614678
2.56 0.0613853
2.6 0.0613075
2.64 0.0612341
2.68 0.0611647
2.72 0.0610992
2.76 0.0610373
2.8 0.0609789
2.84 0.0609237
2.88 0.0608716
2.92 0.0608224
2.96 0.060776
3 0.0607321
3.04 0.0606907
3.08 0.0606515
3.12 0.0606145
3.16 0.0605796
3.2 0.0605466
3.24 0.0605155
3.28 0.0604861
3.32 0.0604583
3.36 0.060432
3.4 0.0604073
3.44 0.0603838
3.48 0.0603617
3.52 0.0603408
3.56 0.0603211
3.6 0.0603024
3.64 0.0602848
3.68 0.0602682
3.72 0.0602525
3.76 0.0602376
3.8 0.0602236
3.84 0.0602104
3.88 0.0601978
3.92 0.060186
3.96 0.0601749
4 0.0601643
4.04 0.0601543
4.08 0.0601449
4.12 0.060136
4.16 0.0601276
4.2 0.0601197
4.24 0.0601122
4.28 0.0601051
4.32 0.0600984
4.36 0.0600921
4.4 0.0600861
4.44 0.0600805
4.48 0.0600752
4.52 0.0600701
4.56 0.0600654
4.6 0.0600609
4.64 0.0600566
4.68 0.0600526
4.72 0.0600489
4.76 0.0600453
4.8 0.0600419
4.84 0.0600387
4.88 0.0600357
4.92 0.0600328
4.96 0.0600301
5 0.0600276
5.04 0.0600252
5.08 0.0600229
5.12 0.0600208
5.16 0.0600187
5.2 0.0600168
5.24 0.060015
5.28 0.0600133
5.32 0.0600117
5.36 0.0600102
5.4 0.0600087
5.44 0.0600074
5.48 0.0600061
5.52 0.0600049
5.56 0.0600037
5.6 0.0600026
5.64 0.0600016
5.68 0.0600007
5.72 0.0599997
5.76 0.0599989
5.8 0.0599981
5.84 0.0599973
5.88 0.0599966
5.92 0.0599959
5.96 0.0599952
6 0.0599946
6.04 0.059994
6.08 0.0599935
6.12 0.059993
6.16 0.0599925
6.2 0.059992
6.24 0.0599916
6.28 0.0599912
6.32 0.0599908
6.36 0.0599904
6.4 0.0599901
6.44 0.0599897
6.48 0.0599894
6.52 0.0599891
6.56 0.0599888
6.6 0.0599886
6.64 0.0599883
6.68 0.0599881
6.72 0.0599879
6.76 0.0599877
6.8 0.0599875
6.84 0.0599873
6.88 0.0599871
6.92 0.0599869
6.96 0.0599868
7 0.0599866
7.04 0.0599865
7.08 0.0599864
7.12 0.0599862
7.16 0.0599861
7.2 0.059986
7.24 0.0599859
7.28 0.0599858
7.32 0.0599857
7.36 0.0599856
7.4 0.0599855
7.44 0.0599855
7.48 0.0599854
7.52 0.0599853
7.56 0.0599853
7.6 0.0599852
7.64 0.0599851
7.68 0.0599851
7.72 0.059985
7.76 0.059985
7.8 0.0599849
7.84 0.0599849
7.88 0.0599848
7.92 0.0599848
7.96 0.0599848
8 0.0599847
8.04 0.0599847
8.08 0.0599847
8.12 0.0599846
8.16 0.0599846
8.2 0.0599846
8.24 0.0599845
8.28 0.0599845
8.32 0.0599845
8.36 0.0599845
8.4 0.0599845
8.44 0.0599844
8.48 0.0599844
8.52 0.0599844
8.56 0.0599844
8.6 0.0599844
8.64 0.0599844
8.68 0.0599843
8.72 0.0599843
8.76 0.0599843
8.8 0.0599843
8.84 0.0599843
8.88 0.0599843
8.92 0.0599843
8.96 0.0599843
9 0.0599842
9.04 0.0599842
9.08 0.0599842
9.12 0.0599842
9.16 0.0599842
9.2 0.0599842
9.24 0.0599842
9.28 0.0599842
9.32 0.0599842
9.36 0.0599842
9.4 0.0599842
9.44 0.0599842
9.48 0.0599842
9.52 0.0599842
9.56 0.0599842
9.6 0.0599841
9.64 0.0599841
9.68 0.0599841
9.72 0.0599841
9.76 0.0599841
9.8 0.0599841
9.84 0.0599841
9.88 0.0599841
9.92 0.0599841
9.96 0.0599841
10 0.0599841
10.04 0.0599841
10.08 0.0599841
10.12 0.0599841
10.16 0.0599841
10.2 0.0599841
10.24 0.0599841
10.28 0.0599841
10.32 0.0599841
10.36 0.0599841
10.4 0.0599841
10.44 0.059984
10.48 0.059984
10.52 0.059984
10.56 0.059984
10.6 0.059984
10.64 0.059984
10.68 0.059984
10.72 0.059984
10.76 0.059984
10.8 0.059984
10.84 0.059984
10.88 0.059984
10.92 0.059984
10.96 0.0599839
11 0.0599839
11.04 0.0599839
11.08 0.0599839
11.12 0.0599839
11.16 0.0599839
11.2 0.0599839
11.24 0.0599839
11.28 0.0599838
11.32 0.0599838
11.36 0.0599838
11.4 0.0599838
11.44 0.0599838
11.48 0.0599838
11.52 0.0599837
11.56 0.0599837
11.6 0.0599837
11.64 0.0599837
11.68 0.0599836
11.72 0.0599836
11.76 0.0599836
11.8 0.0599835
11.84 0.0599835
11.88 0.0599835
11.92 0.0599834
11.96 0.0599834
12 0.0599834
12.04 0.0599833
12.08 0.0599833
12.12 0.0599832
12.16 0.0599832
12.2 0.0599831
12.24 0.059983
12.28 0.059983
12.32 0.0599829
12.36 0.0599828
12.4 0.0599828
12.44 0.0599827
12.48 0.0599826
12.52 0.0599825
12.56 0.0599824
12.6 0.0599823
12.64 0.0599822
12.68 0.0599821
12.72 0.059982
12.76 0.0599819
12.8 0.0599817
12.84 0.0599816
12.88 0.0599815
12.92 0.0599813
12.96 0.0599811
13 0.059981
13.04 0.0599808
13.08 0.0599806
13.12 0.0599804
13.16 0.0599802
13.2 0.0599799
13.24 0.0599797
13.28 0.0599794
13.32 0.0599792
13.36 0.0599789
13.4 0.0599786
13.44 0.0599782
13.48 0.0599779
13.52 0.0599775
13.56 0.0599772
13.6 0.0599767
13.64 0.0599763
13.68 0.0599759
13.72 0.0599754
13.76 0.0599749
13.8 0.0599743
13.84 0.0599738
13.88 0.0599732
13.92 0.0599725
13.96 0.0599718
14 0.0599711
14.04 0.0599704
14.08 0.0599696
14.12 0.0599687
14.16 0.0599678
14.2 0.0599668
14.24 0.0599658
14.28 0.0599648
14.32 0.0599636
14.36 0.0599624
14.4 0.0599612
14.44 0.0599598
14.48 0.0599584
14.52 0.0599569
14.56 0.0599553
14.6 0.0599536
14.64 0.0599518
14.68 0.05995
14.72 0.059948
14.76 0.0599458
14.8 0.0599436
14.84 0.0599412
14.88 0.0599387
14.92 0.0599361
14.96 0.0599333
15 0.0599303
15.04 0.0599271
15.08 0.0599238
15.12 0.0599203
15.16 0.0599166
15.2 0.0599126
15.24 0.0599084
15.28 0.059904
15.32 0.0598993
15.36 0.0598943
15.4 0.0598891
15.44 0.0598835
15.48 0.0598777
15.52 0.0598714
15.56 0.0598649
15.6 0.0598579
15.64 0.0598505
15.68 0.0598427
15.72 0.0598344
15.76 0.0598257
15.8 0.0598164
15.84 0.0598066
15.88 0.0597962
15.92 0.0597852
15.96 0.0597736
16 0.0597613
16.04 0.0597483
16.08 0.0597345
16.12 0.0597199
16.16 0.0597045
16.2 0.0596882
16.24 0.0596709
16.28 0.0596526
16.32 0.0596332
16.36 0.0596127
16.4 0.059591
16.44 0.0595681
16.48 0.0595438
16.52 0.059518
16.56 0.0594908
16.6 0.059462
16.64 0.0594316
16.68 0.0593993
16.72 0.0593652
16.76 0.0593291
16.8 0.0592908
16.84 0.0592504
16.88 0.0592076
16.92 0.0591623
16.96 0.0591144
17 0.0590637
17.04 0.0590101
17.08 0.0589533
17.12 0.0588933
17.16 0.0588297
17.2 0.0587625
17.24 0.0586914
17.28 0.0586162
17.32 0.0585366
17.36 0.0584524
17.4 0.0583633
17.44 0.0582691
17.48 0.0581695
17.52 0.0580641
17.56 0.0579527
17.6 0.0578348
17.64 0.0577102
17.68 0.0575783
17.72 0.057439
17.76 0.0572916
17.8 0.0571358
17.84 0.0569711
17.88 0.056797
17.92 0.0566129
17.96 0.0564184
18 0.0562128
18.04 0.0559956
18.08 0.0557661
18.12 0.0555235
18.16 0.0552673
18.2 0.0549967
18.24 0.0547109
18.28 0.0544091
18.32 0.0540904
18.36 0.053754
18.4 0.0533989
18.44 0.0530242
18.48 0.0526288
18.52 0.0522117
18.56 0.0517718
18.6 0.0513079
18.64 0.0508189
18.68 0.0503035
18.72 0.0497604
18.76 0.0491884
18.8 0.048586
18.84 0.047952
18.88 0.0472847
18.92 0.0465829
18.96 0.045845
19 0.0450694
19.04 0.0442547
19.08 0.0433993
19.12 0.0425017
19.16 0.0415603
19.2 0.0405737
19.24 0.0395404
19.28 0.038459
19.32 0.0373283
19.36 0.0361469
19.4 0.034914
19.44 0.0336285
19.48 0.0322899
19.52 0.0308977
19.56 0.029452
19.6 0.0279529
19.64 0.0264014
19.68 0.0247988
19.72 0.0231471
19.76 0.0214492
19.8 0.019709
19.84 0.0179314
19.88 0.0161229
19.92 0.0142917
19.96 0.012448
