0 0.00505298
0.04 0.00504953
0.08 0.00504621
0.12 0.00504302
0.16 0.00503994
0.2 0.00503698
0.24 0.00503412
0.28 0.00503137
0.32 0.00502873
0.36 0.00502618
0.4 0.00502372
0.44 0.00502136
0.48 0.00501909
0.52 0.00501689
0.56 0.00501478
0.6 0.00501275
0.64 0.00501079
0.68 0.00500891
0.72 0.0050071
0.76 0.00500535
0.8 0.00500366
0.84 0.00500204
0.88 0.00500048
0.92 0.00499898
0.96 0.00499753
1 0.00499614
1.04 0.00499479
1.08 0.0049935
1.12 0.00499226
1.16 0.00499106
1.2 0.0049899
1.24 0.00498879
1.28 0.00498772
1.32 0.00498669
1.36 0.00498569
1.4 0.00498474
1.44 0.00498381
1.48 0.00498293
1.52 0.00498207
1.56 0.00498125
1.6 0.00498046
1.64 0.00497969
1.68 0.00497896
1.72 0.00497825
1.76 0.00497757
1.8 0.00497691
1.84 0.00497628
1.88 0.00497567
1.92 0.00497508
1.96 0.00497451
2 0.00497397
2.04 0.00497345
2.08 0.00497294
2.12 0.00497245
2.16 0.00497199
2.2 0.00497153
2.24 0.0049711
2.28 0.00497068
2.32 0.00497028
2.36 0.00496989
2.4 0.00496952
2.44 0.00496916
2.48 0.00496881
2.52 0.00496847
2.56 0.00496815
2.6 0.00496784
2.64 0.00496754
2.68 0.00496726
2.72 0.00496698
2.76 0.00496671
2.8 0.00496646
2.84 0.00496621
2.88 0.00496597
2.92 0.00496574
2.96 0.00496552
3 0.00496531
3.04 0.0049651
3.08 0.0049649
3.12 0.00496471
3.16 0.00496453
3.2 0.00496435
3.24 0.00496418
3.28 0.00496402
3.32 0.00496386
3.36 0.00496371
3.4 0.00496356
3.44 0.00496342
3.48 0.00496329
3.52 0.00496316
3.56 0.00496303
3.6 0.00496291
3.64 0.00496279
3.68 0.00496268
3.72 0.00496257
3.76 0.00496247
3.8 0.00496237
3.84 0.00496227
3.88 0.00496218
3.92 0.00496209
3.96 0.004962
4 0.00496192
4.04 0.00496184
4.08 0.00496176
4.12 0.00496169
4.16 0.00496161
4.2 0.00496155
4.24 0.00496148
4.28 0.00496141
4.32 0.00496135
4.36 0.00496129
4.4 0.00496124
4.44 0.00496118
4.48 0.00496113
4.52 0.00496108
4.56 0.00496103
4.6 0.00496098
4.64 0.00496093
4.68 0.00496089
4.72 0.00496085
4.76 0.00496081
4.8 0.00496077
4.84 0.00496073
4.88 0.00496069
4.92 0.00496066
4.96 0.00496062
5 0.00496059
5.04 0.00496056
5.08 0.00496053
5.12 0.0049605
5.16 0.00496047
5.2 0.00496045
5.24 0.00496042
5.28 0.0049604
5.32 0.00496037
5.36 0.00496035
5.4 0.00496033
5.44 0.0049603
5.48 0.00496028
5.52 0.00496026
5.56 0.00496024
5.6 0.00496023
5.64 0.00496021
5.68 0.00496019
5.72 0.00496017
5.76 0.00496016
5.8 0.00496014
5.84 0.00496013
5.88 0.00496011
5.92 0.0049601
5.96 0.00496009
6 0.00496007
6.04 0.00496006
6.08 0.00496005
6.12 0.00496004
6.16 0.00496003
6.2 0.00496002
6.24 0.00496001
6.28 0.00496
6.32 0.00495999
6.36 0.00495998
6.4 0.00495997
6.44 0.00495996
6.48 0.00495995
6.52 0.00495994
6.56 0.00495994
6.6 0.00495993
6.64 0.00495992
6.68 0.00495992
6.72 0.00495991
6.76 0.0049599
6.8 0.0049599
6.84 0.00495989
6.88 0.00495989
6.92 0.00495988
6.96 0.00495988
7 0.00495987
7.04 0.00495987
7.08 0.00495986
7.12 0.00495986
7.16 0.00495985
7.2 0.00495985
7.24 0.00495984
7.28 0.00495984
7.32 0.00495984
7.36 0.00495983
7.4 0.00495983
7.44 0.00495983
7.48 0.00495982
7.52 0.00495982
7.56 0.00495982
7.6 0.00495981
7.64 0.00495981
7.68 0.00495981
7.72 0.00495981
7.76 0.0049598
7.8 0.0049598
7.84 0.0049598
7.88 0.0049598
7.92 0.0049598
7.96 0.00495979
8 0.00495979
8.04 0.00495979
8.08 0.00495979
8.12 0.00495979
8.16 0.00495979
8.2 0.00495978
8.24 0.00495978
8.28 0.00495978
8.32 0.00495978
8.36 0.00495978
8.4 0.00495978
8.44 0.00495978
8.48 0.00495977
8.52 0.00495977
8.56 0.00495977
8.6 0.00495977
8.64 0.00495977
8.68 0.00495977
8.72 0.00495977
8.76 0.00495977
8.8 0.00495977
8.84 0.00495977
8.88 0.00495976
8.92 0.00495976
8.96 0.00495976
9 0.00495976
9.04 0.00495976
9.08 0.00495976
9.12 0.00495976
9.16 0.00495976
9.2 0.00495976
9.24 0.00495976
9.28 0.00495976
9.32 0.00495976
9.36 0.00495976
9.4 0.00495976
9.44 0.00495976
9.48 0.00495976
9.52 0.00495976
9.56 0.00495976
9.6 0.00495976
9.64 0.00495976
9.68 0.00495976
9.72 0.00495976
9.76 0.00495976
9.8 0.00495976
9.84 0.00495976
9.88 0.00495976
9.92 0.00495976
9.96 0.00495976
10 0.00495976
10.04 0.00495976
10.08 0.00495976
10.12 0.00495976
10.16 0.00495976
10.2 0.00495976
10.24 0.00495976
10.28 0.00495976
10.32 0.00495976
10.36 0.00495976
10.4 0.00495976
10.44 0.00495976
10.48 0.00495976
10.52 0.00495976
10.56 0.00495976
10.6 0.00495976
10.64 0.00495976
10.68 0.00495976
10.72 0.00495976
10.76 0.00495976
10.8 0.00495976
10.84 0.00495976
10.88 0.00495976
10.92 0.00495976
10.96 0.00495976
11 0.00495976
11.04 0.00495976
11.08 0.00495976
11.12 0.00495977
11.16 0.00495977
11.2 0.00495977
11.24 0.00495977
11.28 0.00495977
11.32 0.00495977
11.36 0.00495977
11.4 0.00495977
11.44 0.00495977
11.48 0.00495977
11.52 0.00495978
11.56 0.00495978
11.6 0.00495978
11.64 0.00495978
11.68 0.00495978
11.72 0.00495978
11.76 0.00495978
11.8 0.00495979
11.84 0.00495979
11.88 0.00495979
11.92 0.00495979
11.96 0.00495979
12 0.00495979
12.04 0.0049598
12.08 0.0049598
12.12 0.0049598
12.16 0.0049598
12.2 0.0049598
12.24 0.00495981
12.28 0.00495981
12.32 0.00495981
12.36 0.00495981
12.4 0.00495982
12.44 0.00495982
12.48 0.00495982
12.52 0.00495983
12.56 0.00495983
12.6 0.00495983
12.64 0.00495984
12.68 0.00495984
12.72 0.00495984
12.76 0.00495985
12.8 0.00495985
12.84 0.00495986
12.88 0.00495986
12.92 0.00495987
12.96 0.00495987
13 0.00495988
13.04 0.00495988
13.08 0.00495989
13.12 0.00495989
13.16 0.0049599
13.2 0.0049599
13.24 0.00495991
13.28 0.00495992
13.32 0.00495992
13.36 0.00495993
13.4 0.00495994
13.44 0.00495994
13.48 0.00495995
13.52 0.00495996
13.56 0.00495997
13.6 0.00495998
13.64 0.00495999
13.68 0.00496
13.72 0.00496001
13.76 0.00496002
13.8 0.00496003
13.84 0.00496004
13.88 0.00496005
13.92 0.00496006
13.96 0.00496007
14 0.00496009
14.04 0.0049601
14.08 0.00496011
14.12 0.00496013
14.16 0.00496014
14.2 0.00496016
14.24 0.00496017
14.28 0.00496019
14.32 0.00496021
14.36 0.00496023
14.4 0.00496024
14.44 0.00496026
14.48 0.00496028
14.52 0.0049603
14.56 0.00496033
14.6 0.00496035
14.64 0.00496037
14.68 0.0049604
14.72 0.00496042
14.76 0.00496045
14.8 0.00496047
14.84 0.0049605
14.88 0.00496053
14.92 0.00496056
14.96 0.00496059
15 0.00496062
15.04 0.00496066
15.08 0.00496069
15.12 0.00496073
15.16 0.00496077
15.2 0.00496081
15.24 0.00496085
15.28 0.00496089
15.32 0.00496093
15.36 0.00496098
15.4 0.00496103
15.44 0.00496108
15.48 0.00496113
15.52 0.00496118
15.56 0.00496124
15.6 0.00496129
15.64 0.00496135
15.68 0.00496141
15.72 0.00496148
15.76 0.00496155
15.8 0.00496161
15.84 0.00496169
15.88 0.00496176
15.92 0.00496184
15.96 0.00496192
16 0.004962
16.04 0.00496209
16.08 0.00496218
16.12 0.00496227
16.16 0.00496237
16.2 0.00496247
16.24 0.00496257
16.28 0.00496268
16.32 0.00496279
16.36 0.00496291
16.4 0.00496303
16.44 0.00496316
16.48 0.00496329
16.52 0.00496342
16.56 0.00496356
16.6 0.00496371
16.64 0.00496386
16.68 0.00496402
16.72 0.00496418
16.76 0.00496435
16.8 0.00496453
16.84 0.00496471
16.88 0.0049649
16.92 0.0049651
16.96 0.00496531
17 0.00496552
17.04 0.00496574
17.08 0.00496597
17.12 0.00496621
17.16 0.00496646
17.2 0.00496671
17.24 0.00496698
17.28 0.00496726
17.32 0.00496754
17.36 0.00496784
17.4 0.00496815
17.44 0.00496847
17.48 0.00496881
17.52 0.00496916
17.56 0.00496952
17.6 0.00496989
17.64 0.00497028
17.68 0.00497068
17.72 0.0049711
17.76 0.00497153
17.8 0.00497199
17.84 0.00497245
17.88 0.00497294
17.92 0.00497345
17.96 0.00497397
18 0.00497451
18.04 0.00497508
18.08 0.00497567
18.12 0.00497628
18.16 0.00497691
18.2 0.00497757
18.24 0.00497825
18.28 0.00497896
18.32 0.00497969
18.36 0.00498046
18.4 0.00498125
18.44 0.00498207
18.48 0.00498293
18.52 0.00498381
18.56 0.00498474
18.6 0.00498569
18.64 0.00498669
18.68 0.00498772
18.72 0.00498879
18.76 0.0049899
18.8 0.00499106
18.84 0.00499226
18.88 0.0049935
18.92 0.00499479
18.96 0.00499614
19 0.00499753
19.04 0.00499898
19.08 0.00500048
19.12 0.00500204
19.16 0.00500366
19.2 0.00500535
19.24 0.0050071
19.28 0.00500891
19.32 0.00501079
19.36 0.00501275
19.4 0.00501478
19.44 0.00501689
19.48 0.00501909
19.52 0.00502136
19.56 0.00502372
19.6 0.00502618
19.64 0.00502873
19.68 0.00503137
19.72 0.00503412
19.76 0.00503698
19.8 0.00503994
19.84 0.00504302
19.88 0.00504621
19.92 0.00504953
19.96 0.00505298
