0 0.0942848
0.04 0.090616
0.08 0.0872
0.12 0.0840171
0.16 0.0810493
0.2 0.0782802
0.24 0.0756949
0.28 0.0732795
0.32 0.0710216
0.36 0.0689096
0.4 0.0669328
0.44 0.0650817
0.48 0.0633473
0.52 0.0617213
0.56 0.0601962
0.6 0.0587651
0.64 0.0574214
0.68 0.0561593
0.72 0.0549733
0.76 0.0538583
0.8 0.0528097
0.84 0.051823
0.88 0.0508943
0.92 0.0500198
0.96 0.049196
1 0.0484198
1.04 0.0476882
1.08 0.0469984
1.12 0.0463478
1.16 0.0457339
1.2 0.0451546
1.24 0.0446078
1.28 0.0440914
1.32 0.0436038
1.36 0.0431431
1.4 0.0427078
1.44 0.0422964
1.48 0.0419075
1.52 0.0415397
1.56 0.041192
1.6 0.0408631
1.64 0.0405519
1.68 0.0402575
1.72 0.0399789
1.76 0.0397152
1.8 0.0394655
1.84 0.0392292
1.88 0.0390054
1.92 0.0387935
1.96 0.0385928
2 0.0384027
2.04 0.0382226
2.08 0.0380519
2.12 0.0378903
2.16 0.0377371
2.2 0.0375919
2.24 0.0374542
2.28 0.0373238
2.32 0.0372002
2.36 0.0370829
2.4 0.0369718
2.44 0.0368664
2.48 0.0367665
2.52 0.0366718
2.56 0.0365819
2.6 0.0364967
2.64 0.0364159
2.68 0.0363393
2.72 0.0362666
2.76 0.0361976
2.8 0.0361322
2.84 0.0360702
2.88 0.0360113
2.92 0.0359554
2.96 0.0359025
3 0.0358522
3.04 0.0358045
3.08 0.0357592
3.12 0.0357163
3.16 0.0356755
3.2 0.0356369
3.24 0.0356002
3.28 0.0355654
3.32 0.0355323
3.36 0.035501
3.4 0.0354712
3.44 0.035443
3.48 0.0354162
3.52 0.0353907
3.56 0.0353666
3.6 0.0353437
3.64 0.0353219
3.68 0.0353013
3.72 0.0352817
3.76 0.0352631
3.8 0.0352455
3.84 0.0352287
3.88 0.0352128
3.92 0.0351977
3.96 0.0351834
4 0.0351698
4.04 0.0351569
4.08 0.0351446
4.12 0.035133
4.16 0.0351219
4.2 0.0351115
4.24 0.0351015
4.28 0.0350921
4.32 0.0350831
4.36 0.0350746
4.4 0.0350665
4.44 0.0350589
4.48 0.0350516
4.52 0.0350447
4.56 0.0350381
4.6 0.0350319
4.64 0.035026
4.68 0.0350204
4.72 0.035015
4.76 0.03501
4.8 0.0350052
4.84 0.0350006
4.88 0.0349963
4.92 0.0349922
4.96 0.0349883
5 0.0349846
5.04 0.0349811
5.08 0.0349777
5.12 0.0349746
5.16 0.0349715
5.2 0.0349687
5.24 0.034966
5.28 0.0349634
5.32 0.034961
5.36 0.0349586
5.4 0.0349564
5.44 0.0349544
5.48 0.0349524
5.52 0.0349505
5.56 0.0349487
5.6 0.034947
5.64 0.0349454
5.68 0.0349439
5.72 0.0349424
5.76 0.034941
5.8 0.0349397
5.84 0.0349385
5.88 0.0349373
5.92 0.0349362
5.96 0.0349351
6 0.0349341
6.04 0.0349331
6.08 0.0349322
6.12 0.0349314
6.16 0.0349306
6.2 0.0349298
6.24 0.034929
6.28 0.0349283
6.32 0.0349277
6.36 0.034927
6.4 0.0349264
6.44 0.0349259
6.48 0.0349253
6.52 0.0349248
6.56 0.0349243
6.6 0.0349239
6.64 0.0349234
6.68 0.034923
6.72 0.0349226
6.76 0.0349222
6.8 0.0349219
6.84 0.0349215
6.88 0.0349212
6.92 0.0349209
6.96 0.0349206
7 0.0349203
7.04 0.0349201
7.08 0.0349198
7.12 0.0349196
7.16 0.0349194
7.2 0.0349192
7.24 0.034919
7.28 0.0349188
7.32 0.0349186
7.36 0.0349184
7.4 0.0349182
7.44 0.0349181
7.48 0.0349179
7.52 0.0349178
7.56 0.0349177
7.6 0.0349175
7.64 0.0349174
7.68 0.0349173
7.72 0.0349172
7.76 0.0349171
7.8 0.034917
7.84 0.0349169
7.88 0.0349168
7.92 0.0349167
7.96 0.0349166
8 0.0349166
8.04 0.0349165
8.08 0.0349164
8.12 0.0349164
8.16 0.0349163
8.2 0.0349162
8.24 0.0349162
8.28 0.0349161
8.32 0.0349161
8.36 0.034916
8.4 0.034916
8.44 0.0349159
8.48 0.0349159
8.52 0.0349159
8.56 0.0349158
8.6 0.0349158
8.64 0.0349158
8.68 0.0349157
8.72 0.0349157
8.76 0.0349157
8.8 0.0349156
8.84 0.0349156
8.88 0.0349156
8.92 0.0349156
8.96 0.0349155
9 0.0349155
9.04 0.0349155
9.08 0.0349155
9.12 0.0349155
9.16 0.0349154
9.2 0.0349154
9.24 0.0349154
9.28 0.0349154
9.32 0.0349154
9.36 0.0349153
9.4 0.0349153
9.44 0.0349153
9.48 0.0349153
9.52 0.0349153
9.56 0.0349153
9.6 0.0349153
9.64 0.0349152
9.68 0.0349152
9.72 0.0349152
9.76 0.0349152
9.8 0.0349152
9.84 0.0349152
9.88 0.0349152
9.92 0.0349151
9.96 0.0349151
10 0.0349151
10.04 0.0349151
10.08 0.0349151
10.12 0.0349151
10.16 0.0349151
10.2 0.0349151
10.24 0.034915
10.28 0.034915
10.32 0.034915
10.36 0.034915
10.4 0.034915
10.44 0.034915
10.48 0.0349149
10.52 0.0349149
10.56 0.0349149
10.6 0.0349149
10.64 0.0349149
10.68 0.0349148
10.72 0.0349148
10.76 0.0349148
10.8 0.0349148
10.84 0.0349147
10.88 0.0349147
10.92 0.0349147
10.96 0.0349147
11 0.0349146
11.04 0.0349146
11.08 0.0349146
11.12 0.0349145
11.16 0.0349145
11.2 0.0349145
11.24 0.0349144
11.28 0.0349144
11.32 0.0349143
11.36 0.0349143
11.4 0.0349142
11.44 0.0349142
11.48 0.0349141
11.52 0.0349141
11.56 0.034914
11.6 0.0349139
11.64 0.0349139
11.68 0.0349138
11.72 0.0349137
11.76 0.0349137
11.8 0.0349136
11.84 0.0349135
11.88 0.0349134
11.92 0.0349133
11.96 0.0349132
12 0.0349131
12.04 0.034913
12.08 0.0349129
12.12 0.0349127
12.16 0.0349126
12.2 0.0349125
12.24 0.0349123
12.28 0.0349122
12.32 0.034912
12.36 0.0349118
12.4 0.0349117
12.44 0.0349115
12.48 0.0349113
12.52 0.0349111
12.56 0.0349108
12.6 0.0349106
12.64 0.0349104
12.68 0.0349101
12.72 0.0349098
12.76 0.0349096
12.8 0.0349093
12.84 0.0349089
12.88 0.0349086
12.92 0.0349083
12.96 0.0349079
13 0.0349075
13.04 0.0349071
13.08 0.0349067
13.12 0.0349062
13.16 0.0349057
13.2 0.0349052
13.24 0.0349047
13.28 0.0349041
13.32 0.0349036
13.36 0.0349029
13.4 0.0349023
13.44 0.0349016
13.48 0.0349009
13.52 0.0349001
13.56 0.0348993
13.6 0.0348985
13.64 0.0348976
13.68 0.0348966
13.72 0.0348956
13.76 0.0348946
13.8 0.0348935
13.84 0.0348923
13.88 0.0348911
13.92 0.0348898
13.96 0.0348885
14 0.0348871
14.04 0.0348856
14.08 0.034884
14.12 0.0348823
14.16 0.0348806
14.2 0.0348787
14.24 0.0348768
14.28 0.0348748
14.32 0.0348726
14.36 0.0348703
14.4 0.0348679
14.44 0.0348654
14.48 0.0348628
14.52 0.03486
14.56 0.034857
14.6 0.0348539
14.64 0.0348507
14.68 0.0348472
14.72 0.0348436
14.76 0.0348398
14.8 0.0348358
14.84 0.0348316
14.88 0.0348271
14.92 0.0348224
14.96 0.0348175
15 0.0348123
15.04 0.0348068
15.08 0.034801
15.12 0.0347949
15.16 0.0347885
15.2 0.0347818
15.24 0.0347747
15.28 0.0347672
15.32 0.0347593
15.36 0.034751
15.4 0.0347422
15.44 0.034733
15.48 0.0347233
15.52 0.0347131
15.56 0.0347023
15.6 0.034691
15.64 0.0346791
15.68 0.0346665
15.72 0.0346533
15.76 0.0346393
15.8 0.0346247
15.84 0.0346092
15.88 0.0345929
15.92 0.0345758
15.96 0.0345577
16 0.0345387
16.04 0.0345187
16.08 0.0344976
16.12 0.0344754
16.16 0.034452
16.2 0.0344274
16.24 0.0344015
16.28 0.0343742
16.32 0.0343454
16.36 0.0343152
16.4 0.0342833
16.44 0.0342498
16.48 0.0342144
16.52 0.0341773
16.56 0.0341381
16.6 0.0340969
16.64 0.0340535
16.68 0.0340078
16.72 0.0339597
16.76 0.0339091
16.8 0.0338558
16.84 0.0337998
16.88 0.0337407
16.92 0.0336786
16.96 0.0336132
17 0.0335444
17.04 0.033472
17.08 0.0333959
17.12 0.0333157
17.16 0.0332313
17.2 0.0331426
17.24 0.0330492
17.28 0.032951
17.32 0.0328477
17.36 0.032739
17.4 0.0326247
17.44 0.0325046
17.48 0.0323782
17.52 0.0322453
17.56 0.0321056
17.6 0.0319587
17.64 0.0318043
17.68 0.031642
17.72 0.0314715
17.76 0.0312923
17.8 0.0311041
17.84 0.0309064
17.88 0.0306987
17.92 0.0304806
17.96 0.0302516
18 0.0300112
18.04 0.029759
18.08 0.0294942
18.12 0.0292165
18.16 0.0289252
18.2 0.0286198
18.24 0.0282996
18.28 0.027964
18.32 0.0276124
18.36 0.0272441
18.4 0.0268585
18.44 0.026455
18.48 0.0260327
18.52 0.0255912
18.56 0.0251296
18.6 0.0246473
18.64 0.0241436
18.68 0.0236178
18.72 0.0230694
18.76 0.0224977
18.8 0.021902
18.84 0.021282
18.88 0.020637
18.92 0.0199667
18.96 0.0192707
19 0.0185487
19.04 0.0178007
19.08 0.0170267
19.12 0.0162269
19.16 0.0154015
19.2 0.0145513
19.24 0.0136771
19.28 0.0127801
19.32 0.0118619
19.36 0.0109245
19.4 0.00997061
19.44 0.00900329
19.48 0.00802657
19.52 0.00704536
19.56 0.00606573
19.6 0.00509519
19.64 0.00414316
19.68 0.00322155
19.72 0.00234581
19.76 0.00153686
19.8 0.000825015
19.84 0.000261347
19.88 0
19.92 0
19.96 0
