0 0.100159
0.04 0.0964065
0.08 0.0929138
0.12 0.0896602
0.16 0.0866273
0.2 0.0837982
0.24 0.0811575
0.28 0.0786912
0.32 0.0763863
0.36 0.074231
0.4 0.0722145
0.44 0.0703267
0.48 0.0685584
0.52 0.0669014
0.56 0.0653477
0.6 0.0638903
0.64 0.0625225
0.68 0.0612383
0.72 0.060032
0.76 0.0588985
0.8 0.0578329
0.84 0.0568307
0.88 0.0558879
0.92 0.0550005
0.96 0.0541651
1 0.0533784
1.04 0.0526373
1.08 0.0519388
1.12 0.0512805
1.16 0.0506598
1.2 0.0500743
1.24 0.049522
1.28 0.0490009
1.32 0.048509
1.36 0.0480447
1.4 0.0476063
1.44 0.0471922
1.48 0.046801
1.52 0.0464315
1.56 0.0460823
1.6 0.0457522
1.64 0.0454402
1.68 0.0451453
1.72 0.0448664
1.76 0.0446026
1.8 0.0443531
1.84 0.0441171
1.88 0.0438939
1.92 0.0436827
1.96 0.0434828
2 0.0432936
2.04 0.0431146
2.08 0.0429451
2.12 0.0427847
2.16 0.0426328
2.2 0.042489
2.24 0.0423528
2.28 0.0422239
2.32 0.0421018
2.36 0.0419861
2.4 0.0418766
2.44 0.0417729
2.48 0.0416746
2.52 0.0415815
2.56 0.0414933
2.6 0.0414097
2.64 0.0413306
2.68 0.0412556
2.72 0.0411845
2.76 0.0411172
2.8 0.0410533
2.84 0.0409929
2.88 0.0409356
2.92 0.0408812
2.96 0.0408298
3 0.040781
3.04 0.0407348
3.08 0.0406909
3.12 0.0406494
3.16 0.04061
3.2 0.0405727
3.24 0.0405373
3.28 0.0405038
3.32 0.040472
3.36 0.0404419
3.4 0.0404133
3.44 0.0403863
3.48 0.0403606
3.52 0.0403362
3.56 0.0403132
3.6 0.0402913
3.64 0.0402706
3.68 0.0402509
3.72 0.0402323
3.76 0.0402146
3.8 0.0401979
3.84 0.040182
3.88 0.0401669
3.92 0.0401526
3.96 0.0401391
4 0.0401263
4.04 0.0401141
4.08 0.0401026
4.12 0.0400916
4.16 0.0400812
4.2 0.0400714
4.24 0.0400621
4.28 0.0400532
4.32 0.0400449
4.36 0.0400369
4.4 0.0400294
4.44 0.0400222
4.48 0.0400155
4.52 0.040009
4.56 0.0400029
4.6 0.0399972
4.64 0.0399917
4.68 0.0399865
4.72 0.0399816
4.76 0.0399769
4.8 0.0399725
4.84 0.0399683
4.88 0.0399643
4.92 0.0399605
4.96 0.0399569
5 0.0399535
5.04 0.0399503
5.08 0.0399473
5.12 0.0399444
5.16 0.0399416
5.2 0.039939
5.24 0.0399365
5.28 0.0399342
5.32 0.039932
5.36 0.0399299
5.4 0.0399279
5.44 0.039926
5.48 0.0399242
5.52 0.0399225
5.56 0.0399209
5.6 0.0399193
5.64 0.0399179
5.68 0.0399165
5.72 0.0399152
5.76 0.039914
5.8 0.0399128
5.84 0.0399117
5.88 0.0399106
5.92 0.0399096
5.96 0.0399087
6 0.0399078
6.04 0.0399069
6.08 0.0399061
6.12 0.0399054
6.16 0.0399046
6.2 0.0399039
6.24 0.0399033
6.28 0.0399027
6.32 0.0399021
6.36 0.0399015
6.4 0.039901
6.44 0.0399005
6.48 0.0399
6.52 0.0398996
6.56 0.0398991
6.6 0.0398987
6.64 0.0398983
6.68 0.039898
6.72 0.0398976
6.76 0.0398973
6.8 0.039897
6.84 0.0398967
6.88 0.0398964
6.92 0.0398962
6.96 0.0398959
7 0.0398957
7.04 0.0398954
7.08 0.0398952
7.12 0.039895
7.16 0.0398948
7.2 0.0398947
7.24 0.0398945
7.28 0.0398943
7.32 0.0398942
7.36 0.039894
7.4 0.0398939
7.44 0.0398937
7.48 0.0398936
7.52 0.0398935
7.56 0.0398934
7.6 0.0398933
7.64 0.0398932
7.68 0.0398931
7.72 0.039893
7.76 0.0398929
7.8 0.0398928
7.84 0.0398927
7.88 0.0398927
7.92 0.0398926
7.96 0.0398925
8 0.0398925
8.04 0.0398924
8.08 0.0398923
8.12 0.0398923
8.16 0.0398922
8.2 0.0398922
8.24 0.0398921
8.28 0.0398921
8.32 0.039892
8.36 0.039892
8.4 0.039892
8.44 0.0398919
8.48 0.0398919
8.52 0.0398919
8.56 0.0398918
8.6 0.0398918
8.64 0.0398918
8.68 0.0398918
8.72 0.0398917
8.76 0.0398917
8.8 0.0398917
8.84 0.0398917
8.88 0.0398916
8.92 0.0398916
8.96 0.0398916
9 0.0398916
9.04 0.0398916
9.08 0.0398915
9.12 0.0398915
9.16 0.0398915
9.2 0.0398915
9.24 0.0398915
9.28 0.0398915
9.32 0.0398915
9.36 0.0398914
9.4 0.0398914
9.44 0.0398914
9.48 0.0398914
9.52 0.0398914
9.56 0.0398914
9.6 0.0398914
9.64 0.0398914
9.68 0.0398914
9.72 0.0398913
9.76 0.0398913
9.8 0.0398913
9.84 0.0398913
9.88 0.0398913
9.92 0.0398913
9.96 0.0398913
10 0.0398913
10.04 0.0398913
10.08 0.0398912
10.12 0.0398912
10.16 0.0398912
10.2 0.0398912
10.24 0.0398912
10.28 0.0398912
10.32 0.0398912
10.36 0.0398912
10.4 0.0398912
10.44 0.0398911
10.48 0.0398911
10.52 0.0398911
10.56 0.0398911
10.6 0.0398911
10.64 0.0398911
10.68 0.0398911
10.72 0.039891
10.76 0.039891
10.8 0.039891
10.84 0.039891
10.88 0.039891
10.92 0.0398909
10.96 0.0398909
11 0.0398909
11.04 0.0398909
11.08 0.0398908
11.12 0.0398908
11.16 0.0398908
11.2 0.0398908
11.24 0.0398907
11.28 0.0398907
11.32 0.0398907
11.36 0.0398906
11.4 0.0398906
11.44 0.0398905
11.48 0.0398905
11.52 0.0398905
11.56 0.0398904
11.6 0.0398904
11.64 0.0398903
11.68 0.0398903
11.72 0.0398902
11.76 0.0398901
11.8 0.0398901
11.84 0.03989
11.88 0.0398899
11.92 0.0398899
11.96 0.0398898
12 0.0398897
12.04 0.0398896
12.08 0.0398895
12.12 0.0398894
12.16 0.0398893
12.2 0.0398892
12.24 0.0398891
12.28 0.039889
12.32 0.0398888
12.36 0.0398887
12.4 0.0398885
12.44 0.0398884
12.48 0.0398882
12.52 0.0398881
12.56 0.0398879
12.6 0.0398877
12.64 0.0398875
12.68 0.0398873
12.72 0.0398871
12.76 0.0398869
12.8 0.0398866
12.84 0.0398864
12.88 0.0398861
12.92 0.0398858
12.96 0.0398855
13 0.0398852
13.04 0.0398849
13.08 0.0398845
13.12 0.0398841
13.16 0.0398837
13.2 0.0398833
13.24 0.0398829
13.28 0.0398824
13.32 0.0398819
13.36 0.0398814
13.4 0.0398809
13.44 0.0398803
13.48 0.0398797
13.52 0.0398791
13.56 0.0398784
13.6 0.0398777
13.64 0.039877
13.68 0.0398762
13.72 0.0398754
13.76 0.0398745
13.8 0.0398736
13.84 0.0398726
13.88 0.0398716
13.92 0.0398705
13.96 0.0398694
14 0.0398682
14.04 0.039867
14.08 0.0398656
14.12 0.0398642
14.16 0.0398628
14.2 0.0398612
14.24 0.0398596
14.28 0.0398578
14.32 0.039856
14.36 0.0398541
14.4 0.039852
14.44 0.0398499
14.48 0.0398477
14.52 0.0398453
14.56 0.0398428
14.6 0.0398401
14.64 0.0398373
14.68 0.0398344
14.72 0.0398313
14.76 0.039828
14.8 0.0398246
14.84 0.0398209
14.88 0.0398171
14.92 0.039813
14.96 0.0398088
15 0.0398043
15.04 0.0397995
15.08 0.0397945
15.12 0.0397892
15.16 0.0397837
15.2 0.0397778
15.24 0.0397716
15.28 0.0397651
15.32 0.0397582
15.36 0.039751
15.4 0.0397433
15.44 0.0397352
15.48 0.0397267
15.52 0.0397178
15.56 0.0397083
15.6 0.0396983
15.64 0.0396878
15.68 0.0396767
15.72 0.039665
15.76 0.0396527
15.8 0.0396397
15.84 0.039626
15.88 0.0396116
15.92 0.0395963
15.96 0.0395803
16 0.0395633
16.04 0.0395455
16.08 0.0395267
16.12 0.0395068
16.16 0.0394859
16.2 0.0394638
16.24 0.0394406
16.28 0.039416
16.32 0.0393902
16.36 0.0393629
16.4 0.0393342
16.44 0.0393039
16.48 0.039272
16.52 0.0392383
16.56 0.0392029
16.6 0.0391655
16.64 0.039126
16.68 0.0390845
16.72 0.0390407
16.76 0.0389945
16.8 0.0389458
16.84 0.0388946
16.88 0.0388405
16.92 0.0387836
16.96 0.0387235
17 0.0386603
17.04 0.0385936
17.08 0.0385234
17.12 0.0384494
17.16 0.0383714
17.2 0.0382892
17.24 0.0382027
17.28 0.0381115
17.32 0.0380154
17.36 0.0379143
17.4 0.0378077
17.44 0.0376955
17.48 0.0375773
17.52 0.0374528
17.56 0.0373218
17.6 0.0371838
17.64 0.0370385
17.68 0.0368856
17.72 0.0367246
17.76 0.0365552
17.8 0.036377
17.84 0.0361894
17.88 0.035992
17.92 0.0357844
17.96 0.0355661
18 0.0353365
18.04 0.035095
18.08 0.0348412
18.12 0.0345744
18.16 0.034294
18.2 0.0339994
18.24 0.03369
18.28 0.033365
18.32 0.0330238
18.36 0.0326656
18.4 0.0322897
18.44 0.0318953
18.48 0.0314818
18.52 0.0310482
18.56 0.0305937
18.6 0.0301176
18.64 0.0296191
18.68 0.0290972
18.72 0.0285512
18.76 0.0279802
18.8 0.0273834
18.84 0.02676
18.88 0.0261093
18.92 0.0254304
18.96 0.0247227
19 0.0239856
19.04 0.0232185
19.08 0.0224209
19.12 0.0215925
19.16 0.020733
19.2 0.0198423
19.24 0.0189207
19.28 0.0179684
19.32 0.0169861
19.36 0.0159747
19.4 0.0149356
19.44 0.0138704
19.48 0.0127816
19.52 0.0116721
19.56 0.0105455
19.6 0.00940649
19.64 0.00826078
19.68 0.00711547
19.72 0.00597941
19.76 0.00486368
19.8 0.00378238
19.84 0.00275385
19.88 0.00180293
19.92 0.000965698
19.96 0.000303111
