0 0.0570985
0.04 0.0540381
0.08 0.0511846
0.12 0.0485223
0.16 0.0460366
0.2 0.0437141
0.24 0.0415429
0.28 0.0395116
0.32 0.0376101
0.36 0.0358288
0.4 0.0341593
0.44 0.0325936
0.48 0.0311242
0.52 0.0297445
0.56 0.0284483
0.6 0.0272297
0.64 0.0260836
0.68 0.025005
0.72 0.0239894
0.76 0.0230327
0.8 0.0221308
0.84 0.0212803
0.88 0.0204779
0.92 0.0197204
0.96 0.0190049
1 0.0183289
1.04 0.0176898
1.08 0.0170854
1.12 0.0165135
1.16 0.0159721
1.2 0.0154594
1.24 0.0149736
1.28 0.0145131
1.32 0.0140766
1.36 0.0136624
1.4 0.0132694
1.44 0.0128962
1.48 0.0125418
1.52 0.0122052
1.56 0.0118852
1.6 0.0115809
1.64 0.0112916
1.68 0.0110163
1.72 0.0107542
1.76 0.0105048
1.8 0.0102672
1.84 0.0100408
1.88 0.00982513
1.92 0.00961951
1.96 0.00942344
2 0.00923642
2.04 0.00905799
2.08 0.0088877
2.12 0.00872514
2.16 0.00856992
2.2 0.00842166
2.24 0.00828002
2.28 0.00814467
2.32 0.00801529
2.36 0.00789161
2.4 0.00777333
2.44 0.0076602
2.48 0.00755197
2.52 0.00744841
2.56 0.00734929
2.6 0.0072544
2.64 0.00716355
2.68 0.00707655
2.72 0.00699322
2.76 0.00691339
2.8 0.0068369
2.84 0.00676359
2.88 0.00669333
2.92 0.00662598
2.96 0.0065614
3 0.00649947
3.04 0.00644008
3.08 0.00638311
3.12 0.00632845
3.16 0.00627602
3.2 0.00622569
3.24 0.0061774
3.28 0.00613104
3.32 0.00608655
3.36 0.00604382
3.4 0.0060028
3.44 0.00596341
3.48 0.00592558
3.52 0.00588924
3.56 0.00585434
3.6 0.0058208
3.64 0.00578858
3.68 0.00575763
3.72 0.00572788
3.76 0.00569929
3.8 0.00567181
3.84 0.0056454
3.88 0.00562001
3.92 0.0055956
3.96 0.00557214
4 0.00554957
4.04 0.00552788
4.08 0.00550701
4.12 0.00548695
4.16 0.00546765
4.2 0.00544908
4.24 0.00543122
4.28 0.00541404
4.32 0.00539752
4.36 0.00538162
4.4 0.00536632
4.44 0.00535159
4.48 0.00533742
4.52 0.00532379
4.56 0.00531066
4.6 0.00529803
4.64 0.00528587
4.68 0.00527416
4.72 0.00526289
4.76 0.00525204
4.8 0.00524159
4.84 0.00523153
4.88 0.00522183
4.92 0.0052125
4.96 0.00520351
5 0.00519485
5.04 0.0051865
5.08 0.00517846
5.12 0.00517071
5.16 0.00516325
5.2 0.00515605
5.24 0.00514911
5.28 0.00514242
5.32 0.00513597
5.36 0.00512975
5.4 0.00512375
5.44 0.00511796
5.48 0.00511238
5.52 0.00510699
5.56 0.00510178
5.6 0.00509676
5.64 0.00509191
5.68 0.00508722
5.72 0.00508269
5.76 0.00507832
5.8 0.00507409
5.84 0.00507
5.88 0.00506604
5.92 0.00506221
5.96 0.0050585
6 0.00505491
6.04 0.00505144
6.08 0.00504806
6.12 0.00504479
6.16 0.00504162
6.2 0.00503854
6.24 0.00503555
6.28 0.00503264
6.32 0.00502981
6.36 0.00502706
6.4 0.00502438
6.44 0.00502177
6.48 0.00501922
6.52 0.00501673
6.56 0.0050143
6.6 0.00501192
6.64 0.00500959
6.68 0.00500731
6.72 0.00500507
6.76 0.00500288
6.8 0.00500072
6.84 0.00499859
6.88 0.0049965
6.92 0.00499443
6.96 0.00499239
7 0.00499037
7.04 0.00498837
7.08 0.00498639
7.12 0.00498442
7.16 0.00498246
7.2 0.00498051
7.24 0.00497857
7.28 0.00497663
7.32 0.00497469
7.36 0.00497274
7.4 0.00497079
7.44 0.00496884
7.48 0.00496687
7.52 0.00496489
7.56 0.00496289
7.6 0.00496087
7.64 0.00495883
7.68 0.00495676
7.72 0.00495467
7.76 0.00495255
7.8 0.00495039
7.84 0.0049482
7.88 0.00494596
7.92 0.00494368
7.96 0.00494136
8 0.00493898
8.04 0.00493656
8.08 0.00493408
8.12 0.00493153
8.16 0.00492893
8.2 0.00492625
8.24 0.00492351
8.28 0.00492069
8.32 0.0049178
8.36 0.00491482
8.4 0.00491175
8.44 0.00490859
8.48 0.00490534
8.52 0.00490199
8.56 0.00489853
8.6 0.00489497
8.64 0.00489129
8.68 0.00488749
8.72 0.00488357
8.76 0.00487952
8.8 0.00487533
8.84 0.004871
8.88 0.00486653
8.92 0.0048619
8.96 0.00485711
9 0.00485215
9.04 0.00484703
9.08 0.00484172
9.12 0.00483623
9.16 0.00483054
9.2 0.00482465
9.24 0.00481855
9.28 0.00481223
9.32 0.00480569
9.36 0.00479891
9.4 0.00479188
9.44 0.00478461
9.48 0.00477706
9.52 0.00476925
9.56 0.00476115
9.6 0.00475276
9.64 0.00474406
9.68 0.00473504
9.72 0.00472569
9.76 0.004716
9.8 0.00470596
9.84 0.00469555
9.88 0.00468476
9.92 0.00467357
9.96 0.00466198
10 0.00464996
10.04 0.0046375
10.08 0.00462459
10.12 0.0046112
10.16 0.00459733
10.2 0.00458295
10.24 0.00456804
10.28 0.00455259
10.32 0.00453658
10.36 0.00451999
10.4 0.00450279
10.44 0.00448497
10.48 0.00446651
10.52 0.00444738
10.56 0.00442756
10.6 0.00440702
10.64 0.00438575
10.68 0.00436371
10.72 0.00434089
10.76 0.00431725
10.8 0.00429276
10.84 0.00426741
10.88 0.00424116
10.92 0.00421399
10.96 0.00418586
11 0.00415674
11.04 0.0041266
11.08 0.00409541
11.12 0.00406314
11.16 0.00402976
11.2 0.00399523
11.24 0.00395951
11.28 0.00392258
11.32 0.00388439
11.36 0.00384492
11.4 0.00380412
11.44 0.00376196
11.48 0.0037184
11.52 0.00367341
11.56 0.00362695
11.6 0.00357898
11.64 0.00352947
11.68 0.00347837
11.72 0.00342567
11.76 0.0033713
11.8 0.00331526
11.84 0.00325749
11.88 0.00319797
11.92 0.00313667
11.96 0.00307355
12 0.00300859
12.04 0.00294177
12.08 0.00287307
12.12 0.00280245
12.16 0.00272992
12.2 0.00265545
12.24 0.00257904
12.28 0.00250069
12.32 0.0024204
12.36 0.00233819
12.4 0.00225408
12.44 0.00216809
12.48 0.00208026
12.52 0.00199063
12.56 0.00189928
12.6 0.00180628
12.64 0.00171171
12.68 0.00161569
12.72 0.00151834
12.76 0.00141982
12.8 0.0013203
12.84 0.00122
12.88 0.00111915
12.92 0.00101804
12.96 0.000916989
13 0.000816392
13.04 0.000716692
13.08 0.000618418
13.12 0.000522199
13.16 0.000428786
13.2 0.0003391
13.24 0.000254291
13.28 0.00017585
13.32 0.000105829
13.36 4.73671e-05
13.4 6.65391e-06
13.44 0
13.48 0
13.52 0
13.56 0
13.6 0
13.64 0
13.68 0
13.72 0
13.76 0
13.8 0
13.84 0
13.88 0
13.92 0
13.96 0
14 0
14.04 0
14.08 0
14.12 0
14.16 0
14.2 0
14.24 0
14.28 0
14.32 0
14.36 0
14.4 0
14.44 0
14.48 0
14.52 0
14.56 0
14.6 0
14.64 0
14.68 0
14.72 0
14.76 0
14.8 0
14.84 0
14.88 0
14.92 0
14.96 0
15 0
15.04 0
15.08 0
15.12 0
15.16 0
15.2 0
15.24 0
15.28 0
15.32 0
15.36 0
15.4 0
15.44 0
15.48 0
15.52 0
15.56 0
15.6 0
15.64 0
15.68 0
15.72 0
15.76 0
15.8 0
15.84 0
15.88 0
15.92 0
15.96 0
16 0
16.04 0
16.08 0
16.12 0
16.16 0
16.2 0
16.24 0
16.28 0
16.32 0
16.36 0
16.4 0
16.44 0
16.48 0
16.52 0
16.56 0
16.6 0
16.64 0
16.68 0
16.72 0
16.76 0
16.8 0
16.84 0
16.88 0
16.92 0
16.96 0
17 0
17.04 0
17.08 0
17.12 0
17.16 0
17.2 0
17.24 0
17.28 0
17.32 0
17.36 0
17.4 0
17.44 0
17.48 0
17.52 0
17.56 0
17.6 0
17.64 0
17.68 0
17.72 0
17.76 0
17.8 0
17.84 0
17.88 0
17.92 0
17.96 0
18 0
18.04 0
18.08 0
18.12 0
18.16 0
18.2 0
18.24 0
18.28 0
18.32 0
18.36 0
18.4 0
18.44 0
18.48 0
18.52 0
18.56 0
18.6 0
18.64 0
18.68 0
18.72 0
18.76 0
18.8 0
18.84 0
18.88 0
18.92 0
18.96 0
19 0
19.04 0
19.08 0
19.12 0
19.16 0
19.2 0
19.24 0
19.28 0
19.32 0
19.36 0
19.4 0
19.44 0
19.48 0
19.52 0
19.56 0
19.6 0
19.64 0
19.68 0
19.72 0
19.76 0
19.8 0
19.84 0
19.88 0
19.92 0
19.96 0
