0 0.117604
0.04 0.113618
0.08 0.10991
0.12 0.106459
0.16 0.103244
0.2 0.100248
0.24 0.0974542
0.28 0.0948468
0.32 0.0924123
0.36 0.0901379
0.4 0.0880119
0.44 0.0860237
0.48 0.0841633
0.52 0.0824218
0.56 0.0807907
0.6 0.0792625
0.64 0.0778299
0.68 0.0764865
0.72 0.0752262
0.76 0.0740434
0.8 0.072933
0.84 0.0718902
0.88 0.0709105
0.92 0.0699899
0.96 0.0691244
1 0.0683106
1.04 0.0675452
1.08 0.0668251
1.12 0.0661475
1.16 0.0655096
1.2 0.0649091
1.24 0.0643436
1.28 0.0638109
1.32 0.0633091
1.36 0.0628363
1.4 0.0623908
1.44 0.0619708
1.48 0.0615748
1.52 0.0612015
1.56 0.0608495
1.6 0.0605174
1.64 0.0602043
1.68 0.0599088
1.72 0.05963
1.76 0.059367
1.8 0.0591188
1.84 0.0588845
1.88 0.0586633
1.92 0.0584546
1.96 0.0582575
2 0.0580715
2.04 0.0578958
2.08 0.0577299
2.12 0.0575732
2.16 0.0574253
2.2 0.0572855
2.24 0.0571536
2.28 0.0570289
2.32 0.0569111
2.36 0.0567999
2.4 0.0566948
2.44 0.0565955
2.48 0.0565017
2.52 0.056413
2.56 0.0563293
2.6 0.0562501
2.64 0.0561753
2.68 0.0561047
2.72 0.0560379
2.76 0.0559748
2.8 0.0559151
2.84 0.0558587
2.88 0.0558055
2.92 0.0557551
2.96 0.0557075
3 0.0556625
3.04 0.05562
3.08 0.0555798
3.12 0.0555418
3.16 0.0555059
3.2 0.055472
3.24 0.0554399
3.28 0.0554096
3.32 0.0553809
3.36 0.0553538
3.4 0.0553282
3.44 0.0553039
3.48 0.0552811
3.52 0.0552594
3.56 0.0552389
3.6 0.0552196
3.64 0.0552013
3.68 0.055184
3.72 0.0551677
3.76 0.0551522
3.8 0.0551376
3.84 0.0551238
3.88 0.0551107
3.92 0.0550984
3.96 0.0550867
4 0.0550757
4.04 0.0550652
4.08 0.0550554
4.12 0.0550461
4.16 0.0550372
4.2 0.0550289
4.24 0.055021
4.28 0.0550136
4.32 0.0550065
4.36 0.0549999
4.4 0.0549936
4.44 0.0549876
4.48 0.054982
4.52 0.0549767
4.56 0.0549716
4.6 0.0549669
4.64 0.0549624
4.68 0.0549581
4.72 0.0549541
4.76 0.0549503
4.8 0.0549467
4.84 0.0549433
4.88 0.0549401
4.92 0.054937
4.96 0.0549342
5 0.0549314
5.04 0.0549289
5.08 0.0549264
5.12 0.0549241
5.16 0.054922
5.2 0.0549199
5.24 0.054918
5.28 0.0549161
5.32 0.0549144
5.36 0.0549128
5.4 0.0549112
5.44 0.0549097
5.48 0.0549084
5.52 0.054907
5.56 0.0549058
5.6 0.0549046
5.64 0.0549035
5.68 0.0549025
5.72 0.0549015
5.76 0.0549005
5.8 0.0548997
5.84 0.0548988
5.88 0.054898
5.92 0.0548973
5.96 0.0548966
6 0.0548959
6.04 0.0548953
6.08 0.0548947
6.12 0.0548941
6.16 0.0548936
6.2 0.0548931
6.24 0.0548926
6.28 0.0548921
6.32 0.0548917
6.36 0.0548913
6.4 0.0548909
6.44 0.0548906
6.48 0.0548902
6.52 0.0548899
6.56 0.0548896
6.6 0.0548893
6.64 0.054889
6.68 0.0548888
6.72 0.0548885
6.76 0.0548883
6.8 0.0548881
6.84 0.0548879
6.88 0.0548877
6.92 0.0548875
6.96 0.0548873
7 0.0548871
7.04 0.054887
7.08 0.0548868
7.12 0.0548867
7.16 0.0548866
7.2 0.0548864
7.24 0.0548863
7.28 0.0548862
7.32 0.0548861
7.36 0.054886
7.4 0.0548859
7.44 0.0548858
7.48 0.0548857
7.52 0.0548857
7.56 0.0548856
7.6 0.0548855
7.64 0.0548854
7.68 0.0548854
7.72 0.0548853
7.76 0.0548853
7.8 0.0548852
7.84 0.0548852
7.88 0.0548851
7.92 0.0548851
7.96 0.054885
8 0.054885
8.04 0.0548849
8.08 0.0548849
8.12 0.0548849
8.16 0.0548848
8.2 0.0548848
8.24 0.0548848
8.28 0.0548848
8.32 0.0548847
8.36 0.0548847
8.4 0.0548847
8.44 0.0548847
8.48 0.0548846
8.52 0.0548846
8.56 0.0548846
8.6 0.0548846
8.64 0.0548846
8.68 0.0548845
8.72 0.0548845
8.76 0.0548845
8.8 0.0548845
8.84 0.0548845
8.88 0.0548845
8.92 0.0548845
8.96 0.0548845
9 0.0548844
9.04 0.0548844
9.08 0.0548844
9.12 0.0548844
9.16 0.0548844
9.2 0.0548844
9.24 0.0548844
9.28 0.0548844
9.32 0.0548844
9.36 0.0548844
9.4 0.0548844
9.44 0.0548844
9.48 0.0548843
9.52 0.0548843
9.56 0.0548843
9.6 0.0548843
9.64 0.0548843
9.68 0.0548843
9.72 0.0548843
9.76 0.0548843
9.8 0.0548843
9.84 0.0548843
9.88 0.0548843
9.92 0.0548843
9.96 0.0548843
10 0.0548843
10.04 0.0548843
10.08 0.0548843
10.12 0.0548843
10.16 0.0548842
10.2 0.0548842
10.24 0.0548842
10.28 0.0548842
10.32 0.0548842
10.36 0.0548842
10.4 0.0548842
10.44 0.0548842
10.48 0.0548842
10.52 0.0548842
10.56 0.0548842
10.6 0.0548842
10.64 0.0548842
10.68 0.0548842
10.72 0.0548841
10.76 0.0548841
10.8 0.0548841
10.84 0.0548841
10.88 0.0548841
10.92 0.0548841
10.96 0.0548841
11 0.0548841
11.04 0.0548841
11.08 0.054884
11.12 0.054884
11.16 0.054884
11.2 0.054884
11.24 0.054884
11.28 0.054884
11.32 0.0548839
11.36 0.0548839
11.4 0.0548839
11.44 0.0548839
11.48 0.0548839
11.52 0.0548838
11.56 0.0548838
11.6 0.0548838
11.64 0.0548837
11.68 0.0548837
11.72 0.0548837
11.76 0.0548836
11.8 0.0548836
11.84 0.0548836
11.88 0.0548835
11.92 0.0548835
11.96 0.0548834
12 0.0548834
12.04 0.0548833
12.08 0.0548833
12.12 0.0548832
12.16 0.0548832
12.2 0.0548831
12.24 0.054883
12.28 0.054883
12.32 0.0548829
12.36 0.0548828
12.4 0.0548827
12.44 0.0548826
12.48 0.0548825
12.52 0.0548824
12.56 0.0548823
12.6 0.0548822
12.64 0.0548821
12.68 0.054882
12.72 0.0548818
12.76 0.0548817
12.8 0.0548815
12.84 0.0548814
12.88 0.0548812
12.92 0.054881
12.96 0.0548809
13 0.0548807
13.04 0.0548804
13.08 0.0548802
13.12 0.05488
13.16 0.0548797
13.2 0.0548795
13.24 0.0548792
13.28 0.0548789
13.32 0.0548786
13.36 0.0548783
13.4 0.0548779
13.44 0.0548776
13.48 0.0548772
13.52 0.0548768
13.56 0.0548763
13.6 0.0548759
13.64 0.0548754
13.68 0.0548749
13.72 0.0548743
13.76 0.0548738
13.8 0.0548732
13.84 0.0548725
13.88 0.0548718
13.92 0.0548711
13.96 0.0548704
14 0.0548696
14.04 0.0548687
14.08 0.0548678
14.12 0.0548669
14.16 0.0548659
14.2 0.0548648
14.24 0.0548637
14.28 0.0548625
14.32 0.0548612
14.36 0.0548599
14.4 0.0548585
14.44 0.054857
14.48 0.0548554
14.52 0.0548538
14.56 0.054852
14.6 0.0548502
14.64 0.0548482
14.68 0.0548461
14.72 0.0548439
14.76 0.0548416
14.8 0.0548391
14.84 0.0548365
14.88 0.0548338
14.92 0.0548309
14.96 0.0548278
15 0.0548246
15.04 0.0548211
15.08 0.0548175
15.12 0.0548136
15.16 0.0548096
15.2 0.0548053
15.24 0.0548007
15.28 0.0547959
15.32 0.0547908
15.36 0.0547854
15.4 0.0547797
15.44 0.0547737
15.48 0.0547674
15.52 0.0547606
15.56 0.0547535
15.6 0.054746
15.64 0.054738
15.68 0.0547296
15.72 0.0547207
15.76 0.0547113
15.8 0.0547013
15.84 0.0546908
15.88 0.0546796
15.92 0.0546679
15.96 0.0546554
16 0.0546422
16.04 0.0546283
16.08 0.0546136
16.12 0.054598
16.16 0.0545815
16.2 0.0545641
16.24 0.0545457
16.28 0.0545262
16.32 0.0545056
16.36 0.0544838
16.4 0.0544608
16.44 0.0544364
16.48 0.0544107
16.52 0.0543834
16.56 0.0543547
16.6 0.0543242
16.64 0.054292
16.68 0.054258
16.72 0.054222
16.76 0.054184
16.8 0.0541437
16.84 0.0541012
16.88 0.0540562
16.92 0.0540087
16.96 0.0539585
17 0.0539053
17.04 0.0538492
17.08 0.0537898
17.12 0.0537271
17.16 0.0536607
17.2 0.0535906
17.24 0.0535165
17.28 0.0534381
17.32 0.0533554
17.36 0.0532679
17.4 0.0531754
17.44 0.0530777
17.48 0.0529744
17.52 0.0528653
17.56 0.05275
17.6 0.0526282
17.64 0.0524995
17.68 0.0523635
17.72 0.0522199
17.76 0.0520682
17.8 0.051908
17.84 0.0517387
17.88 0.05156
17.92 0.0513713
17.96 0.0511721
18 0.0509617
18.04 0.0507396
18.08 0.0505053
18.12 0.0502579
18.16 0.0499968
18.2 0.0497214
18.24 0.0494308
18.28 0.0491244
18.32 0.0488011
18.36 0.0484603
18.4 0.0481009
18.44 0.0477222
18.48 0.047323
18.52 0.0469024
18.56 0.0464594
18.6 0.0459929
18.64 0.0455017
18.68 0.0449848
18.72 0.0444408
18.76 0.0438686
18.8 0.043267
18.84 0.0426346
18.88 0.0419702
18.92 0.0412724
18.96 0.0405399
19 0.0397714
19.04 0.0389654
19.08 0.0381207
19.12 0.037236
19.16 0.03631
19.2 0.0353414
19.24 0.0343291
19.28 0.033272
19.32 0.0321693
19.36 0.03102
19.4 0.0298237
19.44 0.0285798
19.48 0.0272883
19.52 0.0259493
19.56 0.0245635
19.6 0.0231319
19.64 0.0216561
19.68 0.0201384
19.72 0.0185819
19.76 0.0169905
19.8 0.0153695
19.84 0.0137254
19.88 0.0120664
19.92 0.0104029
19.96 0.00874803
