0 0.143543
0.04 0.139238
0.08 0.135239
0.12 0.13152
0.16 0.128061
0.2 0.12484
0.24 0.121841
0.28 0.119045
0.32 0.116439
0.36 0.114007
0.4 0.111737
0.44 0.109617
0.48 0.107637
0.52 0.105786
0.56 0.104055
0.6 0.102436
0.64 0.10092
0.68 0.0995021
0.72 0.0981738
0.76 0.0969295
0.8 0.0957635
0.84 0.0946706
0.88 0.0936458
0.92 0.0926848
0.96 0.0917832
1 0.0909372
1.04 0.0901432
1.08 0.0893979
1.12 0.088698
1.16 0.0880408
1.2 0.0874234
1.24 0.0868434
1.28 0.0862984
1.32 0.0857862
1.36 0.0853047
1.4 0.0848522
1.44 0.0844266
1.48 0.0840265
1.52 0.0836502
1.56 0.0832963
1.6 0.0829634
1.64 0.0826502
1.68 0.0823556
1.72 0.0820783
1.76 0.0818175
1.8 0.0815719
1.84 0.0813409
1.88 0.0811234
1.92 0.0809187
1.96 0.0807259
2 0.0805445
2.04 0.0803737
2.08 0.0802129
2.12 0.0800615
2.16 0.0799189
2.2 0.0797847
2.24 0.0796582
2.28 0.0795392
2.32 0.079427
2.36 0.0793214
2.4 0.079222
2.44 0.0791283
2.48 0.07904
2.52 0.0789569
2.56 0.0788786
2.6 0.0788049
2.64 0.0787354
2.68 0.0786699
2.72 0.0786083
2.76 0.0785502
2.8 0.0784955
2.84 0.0784439
2.88 0.0783954
2.92 0.0783496
2.96 0.0783065
3 0.0782659
3.04 0.0782276
3.08 0.0781916
3.12 0.0781576
3.16 0.0781256
3.2 0.0780954
3.24 0.078067
3.28 0.0780403
3.32 0.078015
3.36 0.0779913
3.4 0.0779689
3.44 0.0779478
3.48 0.0779279
3.52 0.0779091
3.56 0.0778915
3.6 0.0778748
3.64 0.0778592
3.68 0.0778444
3.72 0.0778305
3.76 0.0778173
3.8 0.077805
3.84 0.0777933
3.88 0.0777824
3.92 0.077772
3.96 0.0777623
4 0.0777531
4.04 0.0777444
4.08 0.0777363
4.12 0.0777286
4.16 0.0777213
4.2 0.0777145
4.24 0.0777081
4.28 0.077702
4.32 0.0776963
4.36 0.0776909
4.4 0.0776859
4.44 0.0776811
4.48 0.0776766
4.52 0.0776723
4.56 0.0776683
4.6 0.0776646
4.64 0.077661
4.68 0.0776577
4.72 0.0776545
4.76 0.0776515
4.8 0.0776487
4.84 0.0776461
4.88 0.0776436
4.92 0.0776413
4.96 0.077639
5 0.077637
5.04 0.077635
5.08 0.0776332
5.12 0.0776314
5.16 0.0776298
5.2 0.0776282
5.24 0.0776268
5.28 0.0776254
5.32 0.0776241
5.36 0.0776229
5.4 0.0776217
5.44 0.0776206
5.48 0.0776196
5.52 0.0776187
5.56 0.0776177
5.6 0.0776169
5.64 0.0776161
5.68 0.0776153
5.72 0.0776146
5.76 0.0776139
5.8 0.0776133
5.84 0.0776127
5.88 0.0776121
5.92 0.0776116
5.96 0.0776111
6 0.0776106
6.04 0.0776102
6.08 0.0776098
6.12 0.0776094
6.16 0.077609
6.2 0.0776086
6.24 0.0776083
6.28 0.077608
6.32 0.0776077
6.36 0.0776074
6.4 0.0776072
6.44 0.0776069
6.48 0.0776067
6.52 0.0776065
6.56 0.0776063
6.6 0.0776061
6.64 0.0776059
6.68 0.0776057
6.72 0.0776056
6.76 0.0776054
6.8 0.0776053
6.84 0.0776051
6.88 0.077605
6.92 0.0776049
6.96 0.0776048
7 0.0776047
7.04 0.0776046
7.08 0.0776045
7.12 0.0776044
7.16 0.0776043
7.2 0.0776042
7.24 0.0776041
7.28 0.0776041
7.32 0.077604
7.36 0.0776039
7.4 0.0776039
7.44 0.0776038
7.48 0.0776038
7.52 0.0776037
7.56 0.0776037
7.6 0.0776036
7.64 0.0776036
7.68 0.0776035
7.72 0.0776035
7.76 0.0776035
7.8 0.0776034
7.84 0.0776034
7.88 0.0776034
7.92 0.0776034
7.96 0.0776033
8 0.0776033
8.04 0.0776033
8.08 0.0776033
8.12 0.0776032
8.16 0.0776032
8.2 0.0776032
8.24 0.0776032
8.28 0.0776032
8.32 0.0776032
8.36 0.0776031
8.4 0.0776031
8.44 0.0776031
8.48 0.0776031
8.52 0.0776031
8.56 0.0776031
8.6 0.0776031
8.64 0.0776031
8.68 0.077603
8.72 0.077603
8.76 0.077603
8.8 0.077603
8.84 0.077603
8.88 0.077603
8.92 0.077603
8.96 0.077603
9 0.077603
9.04 0.077603
9.08 0.077603
9.12 0.077603
9.16 0.077603
9.2 0.077603
9.24 0.077603
9.28 0.077603
9.32 0.077603
9.36 0.077603
9.4 0.0776029
9.44 0.0776029
9.48 0.0776029
9.52 0.0776029
9.56 0.0776029
9.6 0.0776029
9.64 0.0776029
9.68 0.0776029
9.72 0.0776029
9.76 0.0776029
9.8 0.0776029
9.84 0.0776029
9.88 0.0776029
9.92 0.0776029
9.96 0.0776029
10 0.0776029
10.04 0.0776029
10.08 0.0776029
10.12 0.0776029
10.16 0.0776029
10.2 0.0776029
10.24 0.0776029
10.28 0.0776029
10.32 0.0776029
10.36 0.0776029
10.4 0.0776029
10.44 0.0776029
10.48 0.0776029
10.52 0.0776029
10.56 0.0776029
10.6 0.0776029
10.64 0.0776029
10.68 0.0776028
10.72 0.0776028
10.76 0.0776028
10.8 0.0776028
10.84 0.0776028
10.88 0.0776028
10.92 0.0776028
10.96 0.0776028
11 0.0776028
11.04 0.0776028
11.08 0.0776028
11.12 0.0776028
11.16 0.0776028
11.2 0.0776028
11.24 0.0776028
11.28 0.0776028
11.32 0.0776027
11.36 0.0776027
11.4 0.0776027
11.44 0.0776027
11.48 0.0776027
11.52 0.0776027
11.56 0.0776027
11.6 0.0776027
11.64 0.0776026
11.68 0.0776026
11.72 0.0776026
11.76 0.0776026
11.8 0.0776026
11.84 0.0776025
11.88 0.0776025
11.92 0.0776025
11.96 0.0776025
12 0.0776024
12.04 0.0776024
12.08 0.0776024
12.12 0.0776024
12.16 0.0776023
12.2 0.0776023
12.24 0.0776022
12.28 0.0776022
12.32 0.0776022
12.36 0.0776021
12.4 0.0776021
12.44 0.077602
12.48 0.077602
12.52 0.0776019
12.56 0.0776018
12.6 0.0776018
12.64 0.0776017
12.68 0.0776016
12.72 0.0776016
12.76 0.0776015
12.8 0.0776014
12.84 0.0776013
12.88 0.0776012
12.92 0.0776011
12.96 0.077601
13 0.0776009
13.04 0.0776007
13.08 0.0776006
13.12 0.0776005
13.16 0.0776003
13.2 0.0776002
13.24 0.0776
13.28 0.0775998
13.32 0.0775996
13.36 0.0775994
13.4 0.0775992
13.44 0.077599
13.48 0.0775987
13.52 0.0775985
13.56 0.0775982
13.6 0.0775979
13.64 0.0775976
13.68 0.0775973
13.72 0.077597
13.76 0.0775966
13.8 0.0775962
13.84 0.0775958
13.88 0.0775954
13.92 0.0775949
13.96 0.0775944
14 0.0775939
14.04 0.0775934
14.08 0.0775928
14.12 0.0775921
14.16 0.0775915
14.2 0.0775908
14.24 0.0775901
14.28 0.0775893
14.32 0.0775884
14.36 0.0775875
14.4 0.0775866
14.44 0.0775856
14.48 0.0775846
14.52 0.0775834
14.56 0.0775822
14.6 0.077581
14.64 0.0775796
14.68 0.0775782
14.72 0.0775767
14.76 0.0775751
14.8 0.0775734
14.84 0.0775716
14.88 0.0775697
14.92 0.0775677
14.96 0.0775655
15 0.0775632
15.04 0.0775608
15.08 0.0775582
15.12 0.0775555
15.16 0.0775526
15.2 0.0775495
15.24 0.0775462
15.28 0.0775428
15.32 0.0775391
15.36 0.0775352
15.4 0.0775311
15.44 0.0775267
15.48 0.077522
15.52 0.0775171
15.56 0.0775118
15.6 0.0775063
15.64 0.0775003
15.68 0.0774941
15.72 0.0774874
15.76 0.0774804
15.8 0.0774729
15.84 0.0774649
15.88 0.0774565
15.92 0.0774476
15.96 0.0774381
16 0.077428
16.04 0.0774173
16.08 0.077406
16.12 0.0773939
16.16 0.0773812
16.2 0.0773676
16.24 0.0773532
16.28 0.077338
16.32 0.0773218
16.36 0.0773046
16.4 0.0772864
16.44 0.0772671
16.48 0.0772466
16.52 0.0772248
16.56 0.0772017
16.6 0.0771772
16.64 0.0771512
16.68 0.0771237
16.72 0.0770944
16.76 0.0770634
16.8 0.0770304
16.84 0.0769955
16.88 0.0769584
16.92 0.0769191
16.96 0.0768774
17 0.0768331
17.04 0.0767862
17.08 0.0767364
17.12 0.0766835
17.16 0.0766275
17.2 0.076568
17.24 0.0765049
17.28 0.076438
17.32 0.0763671
17.36 0.0762918
17.4 0.076212
17.44 0.0761273
17.48 0.0760375
17.52 0.0759422
17.56 0.0758412
17.6 0.0757341
17.64 0.0756205
17.68 0.0755001
17.72 0.0753723
17.76 0.0752369
17.8 0.0750933
17.84 0.0749411
17.88 0.0747797
17.92 0.0746086
17.96 0.0744272
18 0.0742349
18.04 0.0740312
18.08 0.0738152
18.12 0.0735864
18.16 0.0733439
18.2 0.073087
18.24 0.0728148
18.28 0.0725264
18.32 0.072221
18.36 0.0718975
18.4 0.071555
18.44 0.0711923
18.48 0.0708083
18.52 0.0704018
18.56 0.0699716
18.6 0.0695164
18.64 0.0690347
18.68 0.0685253
18.72 0.0679864
18.76 0.0674167
18.8 0.0668145
18.84 0.066178
18.88 0.0655055
18.92 0.0647952
18.96 0.0640451
19 0.0632533
19.04 0.0624179
19.08 0.0615366
19.12 0.0606074
19.16 0.059628
19.2 0.0585963
19.24 0.0575101
19.28 0.056367
19.32 0.0551648
19.36 0.0539013
19.4 0.0525742
19.44 0.0511815
19.48 0.049721
19.52 0.0481908
19.56 0.0465893
19.6 0.0449148
19.64 0.0431661
19.68 0.0413424
19.72 0.0394431
19.76 0.0374684
19.8 0.0354188
19.84 0.0332959
19.88 0.031102
19.92 0.0288407
19.96 0.0265168
0 0.143543
0.04 0.139238
0.08 0.135239
0.12 0.13152
0.16 0.128061
0.2 0.12484
0.24 0.121841
0.28 0.119045
0.32 0.116439
0.36 0.114007
0.4 0.111737
0.44 0.109617
0.48 0.107637
0.52 0.105786
0.56 0.104055
0.6 0.102436
0.64 0.10092
0.68 0.0995021
0.72 0.0981738
0.76 0.0969295
0.8 0.0957635
0.84 0.0946706
0.88 0.0936458
0.92 0.0926848
0.96 0.0917832
1 0.0909372
1.04 0.0901432
1.08 0.0893979
1.12 0.088698
1.16 0.0880408
1.2 0.0874234
1.24 0.0868434
1.28 0.0862984
1.32 0.0857862
1.36 0.0853047
1.4 0.0848522
1.44 0.0844266
1.48 0.0840265
1.52 0.0836502
1.56 0.0832963
1.6 0.0829634
1.64 0.0826502
1.68 0.0823556
1.72 0.0820783
1.76 0.0818175
1.8 0.0815719
1.84 0.0813409
1.88 0.0811234
1.92 0.0809187
1.96 0.0807259
2 0.0805445
2.04 0.0803737
2.08 0.0802129
2.12 0.0800615
2.16 0.0799189
2.2 0.0797847
2.24 0.0796582
2.28 0.0795392
2.32 0.079427
2.36 0.0793214
2.4 0.079222
2.44 0.0791283
2.48 0.07904
2.52 0.0789569
2.56 0.0788786
2.6 0.0788049
2.64 0.0787354
2.68 0.0786699
2.72 0.0786083
2.76 0.0785502
2.8 0.0784955
2.84 0.0784439
2.88 0.0783954
2.92 0.0783496
2.96 0.0783065
3 0.0782659
3.04 0.0782276
3.08 0.0781916
3.12 0.0781576
3.16 0.0781256
3.2 0.0780954
3.24 0.078067
3.28 0.0780403
3.32 0.078015
3.36 0.0779913
3.4 0.0779689
3.44 0.0779478
3.48 0.0779279
3.52 0.0779091
3.56 0.0778915
3.6 0.0778748
3.64 0.0778592
3.68 0.0778444
3.72 0.0778305
3.76 0.0778173
3.8 0.077805
3.84 0.0777933
3.88 0.0777824
3.92 0.077772
3.96 0.0777623
4 0.0777531
4.04 0.0777444
4.08 0.0777363
4.12 0.0777286
4.16 0.0777213
4.2 0.0777145
4.24 0.0777081
4.28 0.077702
4.32 0.0776963
4.36 0.0776909
4.4 0.0776859
4.44 0.0776811
4.48 0.0776766
4.52 0.0776723
4.56 0.0776683
4.6 0.0776646
4.64 0.077661
4.68 0.0776577
4.72 0.0776545
4.76 0.0776515
4.8 0.0776487
4.84 0.0776461
4.88 0.0776436
4.92 0.0776413
4.96 0.077639
5 0.077637
5.04 0.077635
5.08 0.0776332
5.12 0.0776314
5.16 0.0776298
5.2 0.0776282
5.24 0.0776268
5.28 0.0776254
5.32 0.0776241
5.36 0.0776229
5.4 0.0776217
5.44 0.0776206
5.48 0.0776196
5.52 0.0776187
5.56 0.0776177
5.6 0.0776169
5.64 0.0776161
5.68 0.0776153
5.72 0.0776146
5.76 0.0776139
5.8 0.0776133
5.84 0.0776127
5.88 0.0776121
5.92 0.0776116
5.96 0.0776111
6 0.0776106
6.04 0.0776102
6.08 0.0776098
6.12 0.0776094
6.16 0.077609
6.2 0.0776086
6.24 0.0776083
6.28 0.077608
6.32 0.0776077
6.36 0.0776074
6.4 0.0776072
6.44 0.0776069
6.48 0.0776067
6.52 0.0776065
6.56 0.0776063
6.6 0.0776061
6.64 0.0776059
6.68 0.0776057
6.72 0.0776056
6.76 0.0776054
6.8 0.0776053
6.84 0.0776051
6.88 0.077605
6.92 0.0776049
6.96 0.0776048
7 0.0776047
7.04 0.0776046
7.08 0.0776045
7.12 0.0776044
7.16 0.0776043
7.2 0.0776042
7.24 0.0776041
7.28 0.0776041
7.32 0.077604
7.36 0.0776039
7.4 0.0776039
7.44 0.0776038
7.48 0.0776038
7.52 0.0776037
7.56 0.0776037
7.6 0.0776036
7.64 0.0776036
7.68 0.0776035
7.72 0.0776035
7.76 0.0776035
7.8 0.0776034
7.84 0.0776034
7.88 0.0776034
7.92 0.0776034
7.96 0.0776033
8 0.0776033
8.04 0.0776033
8.08 0.0776033
8.12 0.0776032
8.16 0.0776032
8.2 0.0776032
8.24 0.0776032
8.28 0.0776032
8.32 0.0776032
8.36 0.0776031
8.4 0.0776031
8.44 0.0776031
8.48 0.0776031
8.52 0.0776031
8.56 0.0776031
8.6 0.0776031
8.64 0.0776031
8.68 0.077603
8.72 0.077603
8.76 0.077603
8.8 0.077603
8.84 0.077603
8.88 0.077603
8.92 0.077603
8.96 0.077603
9 0.077603
9.04 0.077603
9.08 0.077603
9.12 0.077603
9.16 0.077603
9.2 0.077603
9.24 0.077603
9.28 0.077603
9.32 0.077603
9.36 0.077603
9.4 0.0776029
9.44 0.0776029
9.48 0.0776029
9.52 0.0776029
9.56 0.0776029
9.6 0.0776029
9.64 0.0776029
9.68 0.0776029
9.72 0.0776029
9.76 0.0776029
9.8 0.0776029
9.84 0.0776029
9.88 0.0776029
9.92 0.0776029
9.96 0.0776029
10 0.0776029
10.04 0.0776029
10.08 0.0776029
10.12 0.0776029
10.16 0.0776029
10.2 0.0776029
10.24 0.0776029
10.28 0.0776029
10.32 0.0776029
10.36 0.0776029
10.4 0.0776029
10.44 0.0776029
10.48 0.0776029
10.52 0.0776029
10.56 0.0776029
10.6 0.0776029
10.64 0.0776029
10.68 0.0776028
10.72 0.0776028
10.76 0.0776028
10.8 0.0776028
10.84 0.0776028
10.88 0.0776028
10.92 0.0776028
10.96 0.0776028
11 0.0776028
11.04 0.0776028
11.08 0.0776028
11.12 0.0776028
11.16 0.0776028
11.2 0.0776028
11.24 0.0776028
11.28 0.0776028
11.32 0.0776027
11.36 0.0776027
11.4 0.0776027
11.44 0.0776027
11.48 0.0776027
11.52 0.0776027
11.56 0.0776027
11.6 0.0776027
11.64 0.0776026
11.68 0.0776026
11.72 0.0776026
11.76 0.0776026
11.8 0.0776026
11.84 0.0776025
11.88 0.0776025
11.92 0.0776025
11.96 0.0776025
12 0.0776024
12.04 0.0776024
12.08 0.0776024
12.12 0.0776024
12.16 0.0776023
12.2 0.0776023
12.24 0.0776022
12.28 0.0776022
12.32 0.0776022
12.36 0.0776021
12.4 0.0776021
12.44 0.077602
12.48 0.077602
12.52 0.0776019
12.56 0.0776018
12.6 0.0776018
12.64 0.0776017
12.68 0.0776016
12.72 0.0776016
12.76 0.0776015
12.8 0.0776014
12.84 0.0776013
12.88 0.0776012
12.92 0.0776011
12.96 0.077601
13 0.0776009
13.04 0.0776007
13.08 0.0776006
13.12 0.0776005
13.16 0.0776003
13.2 0.0776002
13.24 0.0776
13.28 0.0775998
13.32 0.0775996
13.36 0.0775994
13.4 0.0775992
13.44 0.077599
13.48 0.0775987
13.52 0.0775985
13.56 0.0775982
13.6 0.0775979
13.64 0.0775976
13.68 0.0775973
13.72 0.077597
13.76 0.0775966
13.8 0.0775962
13.84 0.0775958
13.88 0.0775954
13.92 0.0775949
13.96 0.0775944
14 0.0775939
14.04 0.0775934
14.08 0.0775928
14.12 0.0775921
14.16 0.0775915
14.2 0.0775908
14.24 0.0775901
14.28 0.0775893
14.32 0.0775884
14.36 0.0775875
14.4 0.0775866
14.44 0.0775856
14.48 0.0775846
14.52 0.0775834
14.56 0.0775822
14.6 0.077581
14.64 0.0775796
14.68 0.0775782
14.72 0.0775767
14.76 0.0775751
14.8 0.0775734
14.84 0.0775716
14.88 0.0775697
14.92 0.0775677
14.96 0.0775655
15 0.0775632
15.04 0.0775608
15.08 0.0775582
15.12 0.0775555
15.16 0.0775526
15.2 0.0775495
15.24 0.0775462
15.28 0.0775428
15.32 0.0775391
15.36 0.0775352
15.4 0.0775311
15.44 0.0775267
15.48 0.077522
15.52 0.0775171
15.56 0.0775118
15.6 0.0775063
15.64 0.0775003
15.68 0.0774941
15.72 0.0774874
15.76 0.0774804
15.8 0.0774729
15.84 0.0774649
15.88 0.0774565
15.92 0.0774476
15.96 0.0774381
16 0.077428
16.04 0.0774173
16.08 0.077406
16.12 0.0773939
16.16 0.0773812
16.2 0.0773676
16.24 0.0773532
16.28 0.077338
16.32 0.0773218
16.36 0.0773046
16.4 0.0772864
16.44 0.0772671
16.48 0.0772466
16.52 0.0772248
16.56 0.0772017
16.6 0.0771772
16.64 0.0771512
16.68 0.0771237
16.72 0.0770944
16.76 0.0770634
16.8 0.0770304
16.84 0.0769955
16.88 0.0769584
16.92 0.0769191
16.96 0.0768774
17 0.0768331
17.04 0.0767862
17.08 0.0767364
17.12 0.0766835
17.16 0.0766275
17.2 0.076568
17.24 0.0765049
17.28 0.076438
17.32 0.0763671
17.36 0.0762918
17.4 0.076212
17.44 0.0761273
17.48 0.0760375
17.52 0.0759422
17.56 0.0758412
17.6 0.0757341
17.64 0.0756205
17.68 0.0755001
17.72 0.0753723
17.76 0.0752369
17.8 0.0750933
17.84 0.0749411
17.88 0.0747797
17.92 0.0746086
17.96 0.0744272
18 0.0742349
18.04 0.0740312
18.08 0.0738152
18.12 0.0735864
18.16 0.0733439
18.2 0.073087
18.24 0.0728148
18.28 0.0725264
18.32 0.072221
18.36 0.0718975
18.4 0.071555
18.44 0.0711923
18.48 0.0708083
18.52 0.0704018
18.56 0.0699716
18.6 0.0695164
18.64 0.0690347
18.68 0.0685253
18.72 0.0679864
18.76 0.0674167
18.8 0.0668145
18.84 0.066178
18.88 0.0655055
18.92 0.0647952
18.96 0.0640451
19 0.0632533
19.04 0.0624179
19.08 0.0615366
19.12 0.0606074
19.16 0.059628
19.2 0.0585963
19.24 0.0575101
19.28 0.056367
19.32 0.0551648
19.36 0.0539013
19.4 0.0525742
19.44 0.0511815
19.48 0.049721
19.52 0.0481908
19.56 0.0465893
19.6 0.0449148
19.64 0.0431661
19.68 0.0413424
19.72 0.0394431
19.76 0.0374684
19.8 0.0354188
19.84 0.0332959
19.88 0.031102
19.92 0.0288407
19.96 0.0265168
