0
0.0400802
0.0801603
0.12024
0.160321
0.200401
0.240481
0.280561
0.320641
0.360721
0.400802
0.440882
0.480962
0.521042
0.561122
0.601202
0.641283
0.681363
0.721443
0.761523
0.801603
0.841683
0.881764
0.921844
0.961924
1.002
1.04208
1.08216
1.12224
1.16232
1.2024
1.24248
1.28257
1.32265
1.36273
1.40281
1.44289
1.48297
1.52305
1.56313
1.60321
1.64329
1.68337
1.72345
1.76353
1.80361
1.84369
1.88377
1.92385
1.96393
2.00401
2.04409
2.08417
2.12425
2.16433
2.20441
2.24449
2.28457
2.32465
2.36473
2.40481
2.44489
2.48497
2.52505
2.56513
2.60521
2.64529
2.68537
2.72545
2.76553
2.80561
2.84569
2.88577
2.92585
2.96593
3.00601
3.04609
3.08617
3.12625
3.16633
3.20641
3.24649
3.28657
3.32665
3.36673
3.40681
3.44689
3.48697
3.52705
3.56713
3.60721
3.64729
3.68737
3.72745
3.76754
3.80762
3.8477
3.88778
3.92786
3.96794
4.00802
4.0481
4.08818
4.12826
4.16834
4.20842
4.2485
4.28858
4.32866
4.36874
4.40882
4.4489
4.48898
4.52906
4.56914
4.60922
4.6493
4.68938
4.72946
4.76954
4.80962
4.8497
4.88978
4.92986
4.96994
5.01002
5.0501
5.09018
5.13026
5.17034
5.21042
5.2505
5.29058
5.33066
5.37074
5.41082
5.4509
5.49098
5.53106
5.57114
5.61122
5.6513
5.69138
5.73146
5.77154
5.81162
5.8517
5.89178
5.93186
5.97194
6.01202
6.0521
6.09218
6.13226
6.17234
6.21242
6.25251
6.29259
6.33267
6.37275
6.41283
6.45291
6.49299
6.53307
6.57315
6.61323
6.65331
6.69339
6.73347
6.77355
6.81363
6.85371
6.89379
6.93387
6.97395
7.01403
7.05411
7.09419
7.13427
7.17435
7.21443
7.25451
7.29459
7.33467
7.37475
7.41483
7.45491
7.49499
7.53507
7.57515
7.61523
7.65531
7.69539
7.73547
7.77555
7.81563
7.85571
7.89579
7.93587
7.97595
8.01603
8.05611
8.09619
8.13627
8.17635
8.21643
8.25651
8.29659
8.33667
8.37675
8.41683
8.45691
8.49699
8.53707
8.57715
8.61723
8.65731
8.69739
8.73747
8.77756
8.81764
8.85772
8.8978
8.93788
8.97796
9.01804
9.05812
9.0982
9.13828
9.17836
9.21844
9.25852
9.2986
9.33868
9.37876
9.41884
9.45892
9.499
9.53908
9.57916
9.61924
9.65932
9.6994
9.73948
9.77956
9.81964
9.85972
9.8998
9.93988
9.97996
10.02
10.0601
10.1002
10.1403
10.1804
10.2204
10.2605
10.3006
10.3407
10.3808
10.4208
10.4609
10.501
10.5411
10.5812
10.6212
10.6613
10.7014
10.7415
10.7816
10.8216
10.8617
10.9018
10.9419
10.982
11.022
11.0621
11.1022
11.1423
11.1824
11.2224
11.2625
11.3026
11.3427
11.3828
11.4228
11.4629
11.503
11.5431
11.5832
11.6232
11.6633
11.7034
11.7435
11.7836
11.8236
11.8637
11.9038
11.9439
11.984
12.024
12.0641
12.1042
12.1443
12.1844
12.2244
12.2645
12.3046
12.3447
12.3848
12.4248
12.4649
12.505
12.5451
12.5852
12.6253
12.6653
12.7054
12.7455
12.7856
12.8257
12.8657
12.9058
12.9459
12.986
13.0261
13.0661
13.1062
13.1463
13.1864
13.2265
13.2665
13.3066
13.3467
13.3868
13.4269
13.4669
13.507
13.5471
13.5872
13.6273
13.6673
13.7074
13.7475
13.7876
13.8277
13.8677
13.9078
13.9479
13.988
14.0281
14.0681
14.1082
14.1483
14.1884
14.2285
14.2685
14.3086
14.3487
14.3888
14.4289
14.4689
14.509
14.5491
14.5892
14.6293
14.6693
14.7094
14.7495
14.7896
14.8297
14.8697
14.9098
14.9499
14.99
15.0301
15.0701
15.1102
15.1503
15.1904
15.2305
15.2705
15.3106
15.3507
15.3908
15.4309
15.4709
15.511
15.5511
15.5912
15.6313
15.6713
15.7114
15.7515
15.7916
15.8317
15.8717
15.9118
15.9519
15.992
16.0321
16.0721
16.1122
16.1523
16.1924
16.2325
16.2725
16.3126
16.3527
16.3928
16.4329
16.4729
16.513
16.5531
16.5932
16.6333
16.6733
16.7134
16.7535
16.7936
16.8337
16.8737
16.9138
16.9539
16.994
17.0341
17.0741
17.1142
17.1543
17.1944
17.2345
17.2745
17.3146
17.3547
17.3948
17.4349
17.4749
17.515
17.5551
17.5952
17.6353
17.6754
17.7154
17.7555
17.7956
17.8357
17.8758
17.9158
17.9559
17.996
18.0361
18.0762
18.1162
18.1563
18.1964
18.2365
18.2766
18.3166
18.3567
18.3968
18.4369
18.477
18.517
18.5571
18.5972
18.6373
18.6774
18.7174
18.7575
18.7976
18.8377
18.8778
18.9178
18.9579
18.998
19.0381
19.0782
19.1182
19.1583
19.1984
19.2385
19.2786
19.3186
19.3587
19.3988
19.4389
19.479
19.519
19.5591
19.5992
19.6393
19.6794
19.7194
19.7595
19.7996
19.8397
19.8798
19.9198
19.9599
20
