0.001 8.19903e-05 0.000125189 1.7256e-06 0 -4.4924e-05 -4.49352e-05 -1.26674e-05 -2.1658e-05 3.53373e-05 -2.0944e-05
0.002 0.000148466 0.0002521 6.48112e-06 0 -0.000110115 -0.000110168 -5.16586e-05 -4.31868e-05 0.000141917 -8.37758e-05
0.003 0.000211616 0.000383503 1.32818e-05 0 -0.000185169 -0.000185286 -0.0001195 -5.74974e-05 0.000321279 -0.000188496
0.004 0.000277388 0.000523264 2.13351e-05 0 -0.000267211 -0.000267416 -0.000218393 -6.43137e-05 0.000574836 -0.000335103
0.005 0.000349626 0.000674389 3.00078e-05 0 -0.000354771 -0.000355083 -0.000350369 -6.45376e-05 0.000903982 -0.000523599
0.006 0.000430495 0.000838631 3.89114e-05 0 -0.000447048 -0.000447485 -0.000516917 -5.90629e-05 0.00130982 -0.000753982
0.007 0.000520918 0.0010166 4.78082e-05 0 -0.000543486 -0.000544067 -0.000719221 -4.86965e-05 0.0017933 -0.00102625
0.008 0.000621044 0.00120818 5.66093e-05 0 -0.000643742 -0.000644484 -0.000957979 -3.38885e-05 0.00235502 -0.00134041
0.009 0.000859929 0.00154509 6.05772e-05 0 -0.000745741 -0.000746654 -0.00125018 -3.16941e-05 0.00300724 -0.00169646
0.01 0.00114055 0.00192833 6.35393e-05 0 -0.000851319 -0.000852421 -0.00158542 -3.37348e-05 0.00374338 -0.0020944
0.011 0.00141496 0.00230848 6.72107e-05 0 -0.000960738 -0.000962051 -0.0019579 -3.40438e-05 0.00455936 -0.00253422
0.012 0.00168494 0.00268709 7.14798e-05 0 -0.00107363 -0.00107518 -0.00236782 -3.25207e-05 0.00545526 -0.00301593
0.013 0.00195159 0.00306499 7.62472e-05 0 -0.00118965 -0.00119145 -0.00281544 -2.91666e-05 0.00643126 -0.00353953
0.014 0.00221586 0.00344298 8.14783e-05 0 -0.0013086 -0.00131067 -0.00330087 -2.38755e-05 0.00748741 -0.00410501
0.015 0.00247822 0.00382135 8.7105e-05 0 -0.00143023 -0.00143259 -0.00382428 -1.66709e-05 0.00862384 -0.00471239
0.016 0.00273931 0.00420061 9.31077e-05 0 -0.00155441 -0.00155708 -0.00438578 -7.48946e-06 0.00984061 -0.00536165
0.017 0.0029994 0.00458095 9.94716e-05 0 -0.00168102 -0.00168402 -0.00498537 3.75451e-06 0.0111377 -0.0060528
0.018 0.00325884 0.00496258 0.000106146 0 -0.00180988 -0.00181323 -0.00562327 1.69881e-05 0.0125153 -0.00678584
0.019 0.00351791 0.0053457 0.000113125 0 -0.00194091 -0.00194463 -0.00629948 3.22704e-05 0.0139735 -0.00756077
0.02 0.00377689 0.00573052 0.000120394 0 -0.00207403 -0.00207813 -0.00701414 4.95846e-05 0.0155122 -0.00837758
0.021 0.00403585 0.00611706 0.00012795 0 -0.00220916 -0.00221367 -0.00776717 6.90334e-05 0.0171315 -0.00923628
0.022 0.00429507 0.00650549 0.000135749 0 -0.00234617 -0.00235111 -0.00855883 9.04709e-05 0.0188316 -0.0101369
0.023 0.00455465 0.00689589 0.000143793 0 -0.00248503 -0.00249041 -0.00938909 0.000113976 0.0206124 -0.0110794
0.024 0.00481477 0.00728837 0.000152069 0 -0.00262567 -0.00263151 -0.010258 0.000139537 0.022474 -0.0120637
0.025 0.00507547 0.00768295 0.000160587 0 -0.00276806 -0.00277438 -0.0111656 0.000167205 0.0244163 -0.01309
0.026 0.00533692 0.00807971 0.000169296 0 -0.00291208 -0.0029189 -0.012112 0.000196874 0.0264396 -0.0141581
0.027 0.00559928 0.0084788 0.000178209 0 -0.00305773 -0.00306506 -0.0130973 0.000228554 0.0285438 -0.0152681
0.028 0.0058625 0.00888012 0.000187311 0 -0.00320494 -0.0032128 -0.0141214 0.00026229 0.0307289 -0.0164201
0.029 0.00612677 0.00928386 0.000196618 0 -0.00335371 -0.00336212 -0.0151843 0.000298099 0.032995 -0.0176139
0.03 0.00639216 0.00969001 0.000206081 0 -0.00350393 -0.00351291 -0.0162863 0.00033585 0.0353422 -0.0188496
0.031 0.0066587 0.0100986 0.000215711 0 -0.0036556 -0.00366516 -0.0174274 0.000375593 0.0377705 -0.0201271
0.032 0.00692646 0.0105096 0.0002255 0 -0.00380868 -0.00381884 -0.0186075 0.000417305 0.0402799 -0.0214466
0.033 0.00719554 0.0109232 0.000235462 0 -0.00396317 -0.00397396 -0.0198266 0.00046108 0.0428703 -0.022808
0.034 0.00746595 0.0113394 0.000245551 0 -0.00411898 -0.0041304 -0.0210849 0.000506742 0.045542 -0.0242112
0.035 0.00773778 0.0117581 0.000255779 0 -0.00427611 -0.00428818 -0.0223824 0.000554337 0.0482948 -0.0256563
0.036 0.00801106 0.0121795 0.00026616 0 -0.00443456 -0.0044473 -0.023719 0.00060394 0.0511289 -0.0271434
0.037 0.00828584 0.0126034 0.00027665 0 -0.00459424 -0.00460767 -0.025095 0.000655378 0.0540443 -0.0286723
0.038 0.00856216 0.0130301 0.000287262 0 -0.00475516 -0.00476929 -0.0265102 0.000708734 0.0570409 -0.0302431
0.039 0.00884005 0.0134593 0.000297991 0 -0.00491729 -0.00493214 -0.0279648 0.000763985 0.0601189 -0.0318557
0.04 0.00911957 0.0138914 0.000308851 0 -0.00508064 -0.00509624 -0.0294586 0.000821154 0.0632782 -0.0335103
0.041 0.00940074 0.0143261 0.000319801 0 -0.00524514 -0.00526149 -0.0309919 0.000880146 0.0665189 -0.0352068
0.042 0.00968359 0.0147635 0.000330854 0 -0.00541078 -0.0054279 -0.0325646 0.00094096 0.0698411 -0.0369451
0.043 0.00996813 0.0152037 0.000342005 0 -0.00557756 -0.00559547 -0.0341768 0.00100364 0.0732447 -0.0387254
0.044 0.0104567 0.0158508 0.000349417 0 -0.00574344 -0.00576213 -0.0358436 0.00105325 0.076741 -0.0405475
0.045 0.0109953 0.0165493 0.000355951 0 -0.00591001 -0.00592948 -0.0375541 0.00109986 0.0803221 -0.0424115
0.046 0.0115331 0.0172483 0.000362621 0 -0.00607782 -0.0060981 -0.0393044 0.00114725 0.083985 -0.0443174
0.047 0.0120706 0.017948 0.000369401 0 -0.0062468 -0.0062679 -0.0410947 0.00119533 0.0877299 -0.0462652
0.048 0.0126077 0.0186483 0.000376295 0 -0.00641694 -0.00643888 -0.0429248 0.0012443 0.0915565 -0.0482549
0.049 0.0131444 0.0193493 0.000383305 0 -0.00658823 -0.00661104 -0.0447948 0.00129401 0.0954652 -0.0502864
0.05 0.0136711 0.0200375 0.000383353 0 -0.00674968 -0.00677324 -0.0467444 0.00132348 0.0994882 -0.0523599
0.1 0.0408717 0.0565334 0.00084898 0 -0.0165107 -0.0165994 -0.193394 0.00486184 0.403685 -0.20944
0.15 0.0791276 0.105635 0.00136515 0 -0.027872 -0.0280649 -0.441551 0.00955517 0.914161 -0.471239
0.2 0.124921 0.163448 0.00190849 0 -0.0404358 -0.0407712 -0.791874 0.0145847 1.63155 -0.837758
0.25 0.172097 0.223565 0.00253139 0 -0.0539988 -0.0545152 -1.24437 0.0201013 2.55591 -1.309
0.3 0.238118 0.303375 0.00309235 0 -0.0683502 -0.0690829 -1.8001 0.025029 3.68817 -1.88496
0.35 0.307042 0.386803 0.00369004 0 -0.0834509 -0.0844373 -2.45862 0.0296284 5.02798 -2.56563
0.4 0.37711 0.472003 0.00433419 0 -0.0992274 -0.100505 -3.21999 0.0339296 6.5754 -3.35103
0.45 0.448401 0.558997 0.00502152 0 -0.115617 -0.117223 -4.08431 0.037883 8.33053 -4.24115
0.5 0.537845 0.664714 0.00565962 0 -0.132529 -0.134496 -5.05233 0.0407254 10.294 -5.23599
0.55 0.634242 0.777898 0.00629781 0 -0.149953 -0.152318 -6.12377 0.0425781 12.4657 -6.33555
0.6 0.731614 0.892519 0.00696636 0 -0.167872 -0.17067 -7.29846 0.0436181 14.8453 -7.53982
0.65 0.829998 1.00859 0.00766344 0 -0.186255 -0.189523 -8.57645 0.0438291 17.433 -8.84882
0.7 0.92943 1.12612 0.00838836 0 -0.205076 -0.208851 -9.95781 0.0431755 20.2289 -10.2625
0.75 1.02993 1.24511 0.00913973 0 -0.224313 -0.22863 -11.4426 0.0416417 23.2328 -11.781
0.8 1.15244 1.38652 0.00983261 0 -0.243908 -0.248799 -13.0315 0.0384354 26.4456 -13.4041
0.85 1.28142 1.53477 0.0105241 0 -0.263872 -0.269373 -14.7242 0.0338815 29.8669 -15.132
0.9 1.41126 1.68423 0.0112359 0 -0.284202 -0.290348 -16.5204 0.0281536 33.4964 -16.9646
0.95 1.542 1.83491 0.0119676 0 -0.304884 -0.31171 -18.4202 0.0212222 37.3343 -18.9019
1 1.67363 1.98682 0.0127184 0 -0.325902 -0.333445 -20.4236 0.0130874 41.3805 -20.944
1.05 1.80619 2.13995 0.0134881 0 -0.347247 -0.355541 -22.5307 0.00372742 45.6352 -23.0907
1.1 1.93969 2.29432 0.0142761 0 -0.368906 -0.377987 -24.7414 -0.00687223 50.0982 -25.3422
1.15 2.07412 2.44991 0.015082 0 -0.39087 -0.400773 -27.0558 -0.0187227 54.7696 -27.6984
1.2 2.23192 2.62919 0.0158342 0 -0.413097 -0.423853 -29.4747 -0.0325561 59.6502 -30.1593
1.25 2.39828 2.8173 0.0165769 0 -0.4356 -0.447243 -31.9976 -0.0480801 64.7395 -32.7249
1.3 2.56542 3.00647 0.0173339 0 -0.458383 -0.470948 -34.6242 -0.0650505 70.0373 -35.3953
1.35 2.73336 3.19669 0.0181052 0 -0.481439 -0.494961 -37.3547 -0.0834894 75.5436 -38.1704
1.4 2.9021 3.38797 0.0188904 0 -0.504759 -0.519274 -40.1889 -0.103403 81.2585 -41.0501
