0.001 0.00533453 0.00390501 2.14252e-05 0.00146411 -5.60173e-05 -5.60715e-05 -9.60332e-06 0.00113957 5.19727e-05 -2.0944e-05
0.002 0.00996276 0.00777488 0.000103179 0.00224581 -0.000161104 -0.000161352 -2.49356e-05 0.0023422 0.000211891 -8.37758e-05
0.003 0.0145882 0.0115926 0.000245782 0.00303492 -0.000285132 -0.000285706 -4.53005e-05 0.00362617 0.00047958 -0.000188496
0.004 0.0192116 0.0153541 0.000448931 0.00383135 -0.000422761 -0.000423787 -7.08057e-05 0.00499612 0.000854844 -0.000335103
0.005 0.0238318 0.019057 0.000712426 0.00463361 -0.000571284 -0.000572887 -0.000101467 0.00645457 0.0013375 -0.000523599
0.006 0.0284497 0.0226994 0.0010359 0.00544325 -0.000728908 -0.000731207 -0.000137426 0.0080028 0.00192732 -0.000753982
0.007 0.0330649 0.02628 0.00141904 0.0062603 -0.000894409 -0.000897521 -0.000178773 0.00964175 0.00262408 -0.00102625
0.008 0.0376765 0.0297977 0.00186163 0.00708403 -0.0010669 -0.00107094 -0.000225517 0.0113722 0.00342758 -0.00134041
0.009 0.0422845 0.0332516 0.00236328 0.00791529 -0.00124565 -0.00125073 -0.000277796 0.0131945 0.00433756 -0.00169646
0.01 0.0468883 0.0366408 0.00292372 0.00875388 -0.00143007 -0.0014363 -0.000335653 0.0151091 0.00535379 -0.0020944
0.011 0.0514869 0.0399644 0.00354267 0.00959958 -0.0016197 -0.00162718 -0.000399116 0.0171161 0.00647604 -0.00253422
0.012 0.0560806 0.0432218 0.00421971 0.0104532 -0.0018141 -0.00182294 -0.000468334 0.0192157 0.00770401 -0.00301593
0.013 0.0606683 0.0464121 0.00495454 0.0113145 -0.00201292 -0.00202323 -0.000543332 0.021408 0.00903745 -0.00353953
0.014 0.0652497 0.0495349 0.00574681 0.0121838 -0.00221586 -0.00222773 -0.0006242 0.0236932 0.0104761 -0.00410501
0.015 0.0698242 0.0525895 0.00659615 0.0130613 -0.00242263 -0.00243616 -0.000711007 0.0260711 0.0120196 -0.00471239
0.016 0.0743917 0.055575 0.00750204 0.0139476 -0.00263295 -0.00264824 -0.000803938 0.0285416 0.0136677 -0.00536165
0.017 0.0789501 0.0584909 0.00846448 0.0148415 -0.00284669 -0.00286383 -0.000902753 0.0311051 0.0154201 -0.0060528
0.018 0.0835004 0.0613365 0.00948263 0.0157448 -0.00306353 -0.00308261 -0.00100789 0.033761 0.0172764 -0.00678584
0.019 0.088041 0.0641111 0.0105563 0.016657 -0.00328334 -0.00330444 -0.00111923 0.0365093 0.0192364 -0.00756077
0.02 0.0925718 0.0668143 0.011685 0.0175784 -0.00350592 -0.00352913 -0.00123691 0.0393501 0.0212996 -0.00837758
0.021 0.0970924 0.0694454 0.0128681 0.0185099 -0.00373109 -0.00375649 -0.00136112 0.0422829 0.0234656 -0.00923628
0.022 0.101602 0.072004 0.0141053 0.0194512 -0.0039587 -0.00398638 -0.00149186 0.0453078 0.0257342 -0.0101369
0.023 0.1061 0.0744894 0.0153958 0.0204036 -0.00418857 -0.00421859 -0.00162948 0.0484243 0.0281047 -0.0110794
0.024 0.110587 0.0769011 0.016739 0.021367 -0.00442056 -0.004453 -0.00177402 0.0516323 0.0305769 -0.0120637
0.025 0.11506 0.0792384 0.0181344 0.0223421 -0.00465451 -0.00468946 -0.00192567 0.0549312 0.0331502 -0.01309
0.026 0.119521 0.081501 0.0195812 0.0233296 -0.0048903 -0.0049278 -0.00208466 0.058321 0.0358242 -0.0141581
0.027 0.123969 0.0836882 0.0210785 0.0243306 -0.00512773 -0.00516785 -0.00225145 0.0618007 0.0385983 -0.0152681
0.028 0.128403 0.0857997 0.0226258 0.0253445 -0.00536673 -0.00540954 -0.00242589 0.0653707 0.041472 -0.0164201
0.029 0.132823 0.0878351 0.024222 0.0263733 -0.00560711 -0.00565266 -0.00260867 0.06903 0.0444447 -0.0176139
0.03 0.137229 0.0897937 0.0258661 0.0274176 -0.00584872 -0.00589707 -0.0028001 0.0727779 0.047516 -0.0188496
0.031 0.141619 0.0916753 0.0275573 0.0284776 -0.00609147 -0.00614266 -0.00300031 0.0766143 0.050685 -0.0201271
0.032 0.145993 0.0934792 0.0292943 0.029555 -0.00633516 -0.00638925 -0.00321007 0.080538 0.0539513 -0.0214466
0.033 0.150352 0.0952053 0.0310765 0.0306496 -0.00657973 -0.00663676 -0.00342933 0.084549 0.057314 -0.022808
0.034 0.154693 0.0968531 0.0329022 0.0317631 -0.00682499 -0.00688499 -0.00365893 0.0886462 0.0607726 -0.0242112
0.035 0.159018 0.0984221 0.0347705 0.0328958 -0.00707083 -0.00713384 -0.00389909 0.092829 0.0643262 -0.0256563
0.036 0.163324 0.099912 0.0366799 0.0340492 -0.0073171 -0.00738315 -0.0041505 0.0970964 0.0679741 -0.0271434
0.037 0.167612 0.101323 0.0386289 0.0352246 -0.00756364 -0.00763275 -0.00441391 0.101448 0.0717155 -0.0286723
0.038 0.171881 0.102653 0.0406165 0.0364219 -0.00781036 -0.00788256 -0.0046894 0.105882 0.0755494 -0.0302431
0.039 0.176131 0.103904 0.042641 0.0376426 -0.0080571 -0.00813241 -0.0049778 0.110398 0.0794749 -0.0318557
0.04 0.18036 0.105075 0.0447004 0.0388885 -0.0083037 -0.00838212 -0.00528 0.114996 0.0834912 -0.0335103
0.041 0.184569 0.106165 0.0467931 0.0401605 -0.00855 -0.00863154 -0.00559672 0.119673 0.0875971 -0.0352068
0.042 0.188756 0.107175 0.0489174 0.0414596 -0.00879588 -0.00888054 -0.0059285 0.124429 0.0917915 -0.0369451
0.043 0.192921 0.108104 0.0510711 0.0427876 -0.00904115 -0.00912894 -0.00627645 0.129262 0.0960734 -0.0387254
0.044 0.197065 0.108952 0.0532519 0.044146 -0.00928565 -0.00937655 -0.00664152 0.134171 0.100441 -0.0405475
0.045 0.201185 0.109721 0.0554574 0.0455365 -0.00952921 -0.0096232 -0.00702478 0.139154 0.104894 -0.0424115
0.046 0.205283 0.110409 0.0576851 0.046961 -0.00977164 -0.0098687 -0.00742739 0.144211 0.10943 -0.0443174
0.047 0.209359 0.111018 0.0599319 0.0484217 -0.0100127 -0.0101128 -0.00785095 0.149337 0.114049 -0.0462652
0.048 0.213411 0.111548 0.062195 0.0499207 -0.0102523 -0.0103554 -0.00829666 0.154533 0.118747 -0.0482549
0.049 0.217441 0.112 0.0644709 0.0514602 -0.0104901 -0.0105961 -0.0087662 0.159795 0.123524 -0.0502864
0.05 0.221449 0.112375 0.0667553 0.0530438 -0.0107258 -0.0108348 -0.00926197 0.165121 0.128378 -0.0523599
0.051 0.225435 0.112676 0.0690448 0.0546737 -0.0109593 -0.0110712 -0.00978557 0.170508 0.133306 -0.0544752
0.052 0.229401 0.112904 0.0713347 0.0563533 -0.0111904 -0.011305 -0.0103394 0.175953 0.138307 -0.0566324
0.053 0.233349 0.113062 0.0736195 0.0580869 -0.0114186 -0.011536 -0.0109267 0.181452 0.143378 -0.0588316
0.054 0.237281 0.113153 0.0758938 0.0598783 -0.0116437 -0.0117638 -0.0115504 0.187001 0.148518 -0.0610726
0.055 0.241199 0.113181 0.0781515 0.061732 -0.0118655 -0.0119881 -0.012214 0.192596 0.153722 -0.0633555
0.056 0.245108 0.113153 0.0803859 0.0636528 -0.0120835 -0.0122086 -0.0129215 0.198232 0.158988 -0.0656802
0.057 0.249012 0.113073 0.0825896 0.0656463 -0.0122976 -0.0124249 -0.0136774 0.203903 0.164315 -0.0680469
0.058 0.252916 0.112951 0.0847549 0.0677176 -0.0125073 -0.0126369 -0.0144863 0.209604 0.169697 -0.0704555
0.059 0.256829 0.112795 0.086873 0.0698733 -0.0127125 -0.0128442 -0.0153541 0.215326 0.175134 -0.0729059
0.06 0.260758 0.112616 0.0889358 0.0721185 -0.0129129 -0.0130466 -0.016286 0.221065 0.180621 -0.0753982
0.061 0.266074 0.113749 0.0902174 0.0751583 -0.0130509 -0.0131854 -0.0177617 0.226345 0.185913 -0.0779324
0.062 0.271757 0.115236 0.0912009 0.0784961 -0.0131762 -0.0133112 -0.0194905 0.231431 0.191201 -0.0805085
0.063 0.27731 0.116585 0.0922206 0.081818 -0.0133137 -0.0134494 -0.0212327 0.236556 0.196581 -0.0831265
0.064 0.282784 0.117844 0.0932557 0.0851432 -0.0134596 -0.0135962 -0.0229986 0.241712 0.202042 -0.0857864
0.065 0.288199 0.119034 0.094295 0.0884823 -0.0136122 -0.0137497 -0.0247953 0.246892 0.20758 -0.0884882
0.066 0.293568 0.120165 0.0953321 0.0918406 -0.0137702 -0.0139088 -0.0266269 0.252092 0.213192 -0.0912319
0.067 0.298897 0.121245 0.096363 0.0952217 -0.0139328 -0.0140725 -0.0284964 0.25731 0.218878 -0.0940174
0.068 0.304192 0.122279 0.0973847 0.0986281 -0.0140994 -0.0142403 -0.0304059 0.262542 0.224637 -0.0968448
0.069 0.309458 0.123271 0.0983952 0.102061 -0.0142696 -0.0144117 -0.0323575 0.267787 0.230468 -0.0997142
0.07 0.314699 0.124226 0.0993928 0.105523 -0.0144429 -0.0145864 -0.0343525 0.273043 0.236372 -0.102625
0.071 0.319917 0.125146 0.100376 0.109014 -0.0146191 -0.0147639 -0.0363922 0.278308 0.242348 -0.105578
0.072 0.325116 0.126035 0.101345 0.112534 -0.0147977 -0.014944 -0.0384778 0.283582 0.248397 -0.108573
0.073 0.330298 0.126895 0.102298 0.116084 -0.0149787 -0.0151265 -0.0406095 0.288863 0.254519 -0.11161
0.074 0.335465 0.127729 0.103235 0.119663 -0.0151619 -0.0153111 -0.0427884 0.29415 0.260714 -0.114689
0.075 0.34062 0.128539 0.104156 0.123272 -0.0153469 -0.0154977 -0.0450148 0.299442 0.266982 -0.11781
0.076 0.345765 0.129327 0.105061 0.126911 -0.0155337 -0.0156861 -0.0472892 0.304739 0.273324 -0.120972
0.077 0.350899 0.130095 0.105949 0.130578 -0.0157222 -0.0158762 -0.0496114 0.310041 0.279739 -0.124177
0.078 0.356026 0.130844 0.106821 0.134273 -0.0159123 -0.0160679 -0.051982 0.315347 0.286228 -0.127423
0.079 0.361147 0.131577 0.107677 0.137996 -0.0161037 -0.0162611 -0.0544008 0.320656 0.292791 -0.130711
0.08 0.366262 0.132294 0.108518 0.141746 -0.0162966 -0.0164556 -0.0568678 0.325968 0.299428 -0.134041
0.081 0.371372 0.132998 0.109342 0.145523 -0.0164907 -0.0166515 -0.0593833 0.331284 0.306141 -0.137413
0.082 0.376478 0.133688 0.110152 0.149325 -0.016686 -0.0168486 -0.0619469 0.336602 0.312928 -0.140827
0.083 0.381581 0.134366 0.110946 0.153152 -0.0168825 -0.0170468 -0.0645589 0.341922 0.31979 -0.144283
0.084 0.386683 0.135033 0.111726 0.157004 -0.0170801 -0.0172462 -0.0672191 0.347245 0.326727 -0.147781
0.085 0.391782 0.13569 0.112491 0.160879 -0.0172787 -0.0174467 -0.0699271 0.35257 0.33374 -0.15132
0.086 0.39688 0.136338 0.113242 0.164778 -0.0174783 -0.0176481 -0.0726834 0.357897 0.340829 -0.154901
0.087 0.401977 0.136978 0.113979 0.168699 -0.0176789 -0.0178506 -0.0754874 0.363226 0.347993 -0.158525
0.088 0.407075 0.13761 0.114703 0.172643 -0.0178804 -0.018054 -0.0783394 0.368556 0.355234 -0.16219
0.089 0.412172 0.138234 0.115413 0.176607 -0.0180828 -0.0182583 -0.0812389 0.373888 0.362551 -0.165897
0.09 0.41727 0.138853 0.116111 0.180593 -0.018286 -0.0184634 -0.0841862 0.379221 0.369945 -0.169646
0.091 0.422369 0.139465 0.116795 0.184598 -0.01849 -0.0186694 -0.0871809 0.384557 0.377415 -0.173437
0.092 0.427469 0.140072 0.117468 0.188624 -0.0186949 -0.0188763 -0.0902229 0.389893 0.384963 -0.17727
0.093 0.43257 0.140674 0.118128 0.192669 -0.0189005 -0.0190839 -0.0933122 0.39523 0.392587 -0.181144
0.094 0.437673 0.141271 0.118777 0.196732 -0.0191068 -0.0192922 -0.0964489 0.400568 0.400289 -0.185061
0.095 0.442778 0.141865 0.119414 0.200813 -0.0193139 -0.0195014 -0.0996324 0.405908 0.408068 -0.189019
0.096 0.447885 0.142454 0.12004 0.204913 -0.0195218 -0.0197112 -0.102863 0.411249 0.415924 -0.193019
0.097 0.452994 0.143041 0.120655 0.209029 -0.0197302 -0.0199218 -0.10614 0.41659 0.423859 -0.197062
0.098 0.458106 0.143624 0.121259 0.213162 -0.0199394 -0.020133 -0.109464 0.421933 0.431871 -0.201146
0.099 0.46322 0.144205 0.121853 0.217312 -0.0201493 -0.0203449 -0.112835 0.427276 0.439962 -0.205272
0.1 0.468337 0.144783 0.122436 0.221477 -0.0203597 -0.0205575 -0.116252 0.432619 0.448131 -0.20944
0.101 0.473456 0.14536 0.12301 0.225658 -0.0205709 -0.0207708 -0.119716 0.437964 0.456377 -0.213649
0.102 0.478579 0.145934 0.123574 0.229854 -0.0207826 -0.0209846 -0.123226 0.443309 0.464703 -0.217901
0.103 0.484204 0.147002 0.12405 0.23414 -0.0209879 -0.0211918 -0.126848 0.44859 0.473095 -0.222194
0.104 0.48999 0.148223 0.124479 0.238477 -0.0211891 -0.0213949 -0.130561 0.453827 0.481572 -0.22653
0.105 0.495763 0.149426 0.124901 0.242827 -0.0213912 -0.0215989 -0.13432 0.459061 0.490131 -0.230907
0.106 0.501525 0.150615 0.125317 0.247186 -0.0215943 -0.0218039 -0.138122 0.464297 0.498769 -0.235326
0.107 0.507276 0.15179 0.125728 0.251556 -0.0217985 -0.02201 -0.141968 0.469534 0.507487 -0.239787
0.108 0.513016 0.152952 0.126134 0.255934 -0.0220038 -0.0222172 -0.145857 0.474772 0.516285 -0.24429
0.109 0.518748 0.154101 0.126535 0.260322 -0.02221 -0.0224254 -0.14979 0.480011 0.525163 -0.248835
0.11 0.52447 0.155237 0.12693 0.264719 -0.0224173 -0.0226347 -0.153765 0.485252 0.53412 -0.253422
0.111 0.530183 0.156363 0.127321 0.269125 -0.0226256 -0.022845 -0.157783 0.490494 0.543157 -0.25805
0.112 0.535889 0.157478 0.127706 0.273539 -0.0228349 -0.0230563 -0.161843 0.495737 0.552274 -0.262721
0.114 0.547277 0.159677 0.128463 0.282394 -0.0232563 -0.0234818 -0.170094 0.506227 0.570748 -0.272188
0.119 0.575635 0.165016 0.130273 0.304671 -0.0243254 -0.0245616 -0.191471 0.532471 0.618336 -0.296587
0.124 0.603859 0.170165 0.131973 0.327136 -0.0254151 -0.0256625 -0.213923 0.558732 0.667934 -0.322034
0.129 0.631982 0.175162 0.133569 0.349774 -0.0265234 -0.0267824 -0.237451 0.585006 0.719553 -0.348528
0.134 0.660026 0.180034 0.135071 0.37257 -0.0276489 -0.02792 -0.262054 0.611286 0.7732 -0.37607
0.139 0.688009 0.184806 0.136485 0.395509 -0.0287903 -0.029074 -0.287732 0.637571 0.82888 -0.404658
0.144 0.715947 0.189497 0.137818 0.418579 -0.0299468 -0.0302434 -0.314483 0.663856 0.886601 -0.434294
0.149 0.74385 0.194122 0.139077 0.441768 -0.0311175 -0.0314274 -0.342306 0.69014 0.946366 -0.464977
0.154 0.771729 0.198694 0.140269 0.465067 -0.0323017 -0.0326254 -0.371198 0.716423 1.00818 -0.496707
0.159 0.79959 0.203225 0.141398 0.488466 -0.0334989 -0.0338368 -0.401158 0.742702 1.07205 -0.529484
0.164 0.82744 0.207723 0.14247 0.511956 -0.0347086 -0.035061 -0.432183 0.768978 1.13797 -0.563309
0.169 0.855285 0.212196 0.143489 0.535531 -0.0359304 -0.0362977 -0.464273 0.795249 1.20595 -0.59818
0.174 0.883129 0.216651 0.144459 0.559183 -0.0371638 -0.0375465 -0.497426 0.821517 1.27599 -0.634099
0.179 0.913026 0.223127 0.145226 0.583062 -0.0383891 -0.0387869 -0.531894 0.847525 1.34819 -0.671065
0.184 0.943261 0.229929 0.145928 0.607027 -0.0396225 -0.0400356 -0.567468 0.873468 1.42248 -0.709078
0.189 0.97343 0.236657 0.146602 0.63104 -0.0408686 -0.0412974 -0.604087 0.899408 1.49884 -0.748139
0.194 1.00354 0.243319 0.147252 0.655097 -0.0421269 -0.0425718 -0.641748 0.925343 1.57726 -0.788247
0.199 1.0336 0.249927 0.147877 0.679195 -0.0433971 -0.0438586 -0.680452 0.951275 1.65774 -0.829401
0.204 1.06362 0.256486 0.14848 0.703332 -0.0446788 -0.0451572 -0.720199 0.977202 1.74029 -0.871603
0.209 1.0936 0.263003 0.149063 0.727505 -0.0459717 -0.0464674 -0.760989 1.00312 1.82492 -0.914853
0.214 1.12355 0.269485 0.149625 0.751712 -0.0472754 -0.0477889 -0.80282 1.02904 1.91161 -0.959149
0.219 1.15347 0.275937 0.150169 0.775951 -0.0485898 -0.0491213 -0.845693 1.05495 2.00037 -1.00449
0.224 1.18336 0.282363 0.150696 0.80022 -0.0499144 -0.0504645 -0.889608 1.08086 2.0912 -1.05088
0.229 1.21324 0.288768 0.151206 0.824517 -0.0512492 -0.0518181 -0.934564 1.10676 2.18411 -1.09832
0.234 1.2431 0.295156 0.151701 0.84884 -0.0525937 -0.0531819 -0.98056 1.13266 2.27908 -1.14681
0.239 1.27295 0.30153 0.152181 0.873189 -0.0539479 -0.0545558 -1.0276 1.15855 2.37613 -1.19634
0.244 1.30279 0.307893 0.152648 0.89756 -0.0553116 -0.0559395 -1.07567 1.18443 2.47526 -1.24692
0.249 1.33262 0.314248 0.153102 0.921954 -0.0566845 -0.0573328 -1.12479 1.21032 2.57646 -1.29855
0.254 1.36244 0.320598 0.153543 0.946368 -0.0580665 -0.0587355 -1.17495 1.23619 2.67973 -1.35122
0.259 1.39226 0.326945 0.153974 0.970803 -0.0594574 -0.0601476 -1.22614 1.26206 2.78508 -1.40494
0.264 1.42208 0.333291 0.154393 0.995255 -0.060857 -0.0615688 -1.27838 1.28793 2.8925 -1.45971
0.269 1.4519 0.339638 0.154802 1.01973 -0.0622653 -0.062999 -1.33165 1.31379 3.002 -1.51553
0.274 1.48172 0.345987 0.155201 1.04421 -0.0636821 -0.0644381 -1.38596 1.33965 3.11357 -1.57239
0.279 1.51154 0.352342 0.155591 1.06872 -0.0651073 -0.0658859 -1.44131 1.3655 3.22722 -1.6303
0.284 1.54137 0.358702 0.155973 1.09323 -0.0665406 -0.0673423 -1.49769 1.39135 3.34294 -1.68926
0.289 1.5712 0.365069 0.156346 1.11776 -0.0679821 -0.0688072 -1.55512 1.41719 3.46074 -1.74926
0.294 1.60104 0.371446 0.156712 1.14231 -0.0694315 -0.0702804 -1.61357 1.44304 3.58062 -1.81031
0.299 1.63187 0.378817 0.157035 1.1669 -0.070883 -0.0717558 -1.67317 1.46878 3.70263 -1.87241
0.304 1.66401 0.387488 0.157305 1.19155 -0.072335 -0.0732317 -1.73392 1.49439 3.82681 -1.93556
0.309 1.69613 0.396151 0.157571 1.21621 -0.0737952 -0.0747163 -1.79571 1.51999 3.95306 -1.99975
0.314 1.72825 0.404808 0.157833 1.24087 -0.0752634 -0.0762093 -1.85854 1.54559 4.08139 -2.06499
0.319 1.76035 0.41346 0.158091 1.26554 -0.0767396 -0.0777105 -1.92239 1.57118 4.21179 -2.13128
0.324 1.79245 0.42211 0.158346 1.29022 -0.0782236 -0.07922 -1.98727 1.59677 4.34426 -2.19861
0.329 1.82455 0.430757 0.158598 1.31491 -0.0797154 -0.0807376 -2.05319 1.62236 4.47881 -2.26699
0.334 1.85663 0.439404 0.158846 1.3396 -0.0812147 -0.0822632 -2.12014 1.64794 4.61544 -2.33642
0.339 1.88872 0.448051 0.159091 1.3643 -0.0827216 -0.0837966 -2.18812 1.67352 4.75414 -2.4069
0.344 1.9208 0.4567 0.159333 1.389 -0.0842358 -0.0853378 -2.25713 1.69909 4.89492 -2.47842
0.349 1.95288 0.465352 0.159572 1.41371 -0.0857573 -0.0868867 -2.32717 1.72465 5.03777 -2.55099
0.354 1.98496 0.474007 0.159809 1.43843 -0.0872861 -0.0884432 -2.39825 1.75022 5.1827 -2.62461
0.359 2.01704 0.482666 0.160042 1.46315 -0.088822 -0.0900071 -2.47035 1.77578 5.3297 -2.69928
0.364 2.04912 0.49133 0.160274 1.48788 -0.0903649 -0.0915785 -2.54349 1.80133 5.47879 -2.77499
0.369 2.0812 0.5 0.160502 1.51262 -0.0919148 -0.0931572 -2.61766 1.82688 5.62995 -2.85175
0.374 2.11329 0.508677 0.160729 1.53735 -0.0934714 -0.0947431 -2.69286 1.85242 5.78318 -2.92956
0.379 2.14537 0.51736 0.160953 1.5621 -0.095035 -0.0963362 -2.76909 1.87796 5.93849 -3.00841
0.384 2.17746 0.526052 0.161175 1.58684 -0.0966051 -0.0979363 -2.84636 1.9035 6.09588 -3.08831
0.389 2.20956 0.534751 0.161394 1.6116 -0.098182 -0.0995435 -2.92465 1.92903 6.25535 -3.16926
0.394 2.24166 0.543459 0.161612 1.63635 -0.0997654 -0.101158 -3.00398 1.95456 6.41689 -3.25126
0.399 2.27376 0.552177 0.161828 1.66111 -0.101355 -0.102779 -3.08434 1.98008 6.58051 -3.3343
0.404 2.30587 0.560904 0.162042 1.68588 -0.102952 -0.104406 -3.16574 2.0056 6.74621 -3.41839
0.409 2.33799 0.569642 0.162254 1.71065 -0.104554 -0.106041 -3.24816 2.03111 6.91399 -3.50353
0.414 2.37011 0.578389 0.162464 1.73542 -0.106163 -0.107682 -3.33162 2.05662 7.08384 -3.58971
0.419 2.40224 0.587148 0.162673 1.76019 -0.107778 -0.10933 -3.41611 2.08212 7.25577 -3.67694
0.424 2.43437 0.595918 0.162879 1.78497 -0.1094 -0.110984 -3.50163 2.10762 7.42978 -3.76522
0.429 2.46651 0.6047 0.163085 1.80976 -0.111027 -0.112645 -3.58819 2.13311 7.60586 -3.85455
0.434 2.49866 0.613493 0.163289 1.83454 -0.112661 -0.114312 -3.67577 2.1586 7.78403 -3.94492
0.439 2.53082 0.622298 0.163491 1.85933 -0.1143 -0.115985 -3.76439 2.18408 7.96427 -4.03634
0.444 2.56299 0.631116 0.163692 1.88413 -0.115946 -0.117665 -3.85404 2.20956 8.14659 -4.12881
0.449 2.59516 0.639947 0.163891 1.90892 -0.117597 -0.119351 -3.94473 2.23503 8.33099 -4.22232
0.454 2.62735 0.648791 0.164089 1.93372 -0.119254 -0.121043 -4.03644 2.2605 8.51747 -4.31688
0.459 2.65954 0.657648 0.164286 1.95852 -0.120917 -0.122742 -4.12919 2.28596 8.70603 -4.41249
0.464 2.69174 0.666519 0.164481 1.98333 -0.122585 -0.124446 -4.22297 2.31142 8.89666 -4.50915
0.469 2.72395 0.675403 0.164676 2.00814 -0.12426 -0.126157 -4.31779 2.33687 9.08938 -4.60685
0.474 2.75618 0.684302 0.164869 2.03295 -0.12594 -0.127873 -4.41364 2.36232 9.28417 -4.7056
0.479 2.78841 0.693213 0.165061 2.05776 -0.127625 -0.129596 -4.51052 2.38776 9.48104 -4.8054
0.484 2.82065 0.70214 0.165252 2.08257 -0.129316 -0.131324 -4.60843 2.4132 9.67999 -4.90625
0.489 2.8529 0.711081 0.165442 2.10739 -0.131013 -0.133058 -4.70737 2.43863 9.88102 -5.00814
0.494 2.8862 0.721075 0.165614 2.13223 -0.132711 -0.134794 -4.80742 2.46399 10.0842 -5.11108
0.499 2.92091 0.732475 0.165762 2.15708 -0.13441 -0.136531 -4.9086 2.48925 10.2895 -5.21506
0.504 2.95562 0.743884 0.165909 2.18194 -0.136114 -0.138274 -5.01081 2.51449 10.4969 -5.3201
0.509 2.99034 0.755302 0.166057 2.2068 -0.137824 -0.140022 -5.11406 2.53973 10.7064 -5.42618
0.514 3.02506 0.76673 0.166204 2.23166 -0.13954 -0.141777 -5.21833 2.56497 10.9179 -5.53331
0.519 3.05978 0.778165 0.16635 2.25652 -0.14126 -0.143537 -5.32364 2.59019 11.1315 -5.64148
0.524 3.09451 0.789611 0.166496 2.28139 -0.142987 -0.145303 -5.42998 2.61541 11.3473 -5.75071
0.529 3.12924 0.801066 0.166642 2.30625 -0.144718 -0.147074 -5.53735 2.64062 11.565 -5.86098
0.534 3.16398 0.81253 0.166787 2.33112 -0.146455 -0.148851 -5.64575 2.66582 11.7849 -5.97229
0.539 3.19873 0.824006 0.166932 2.35599 -0.148197 -0.150634 -5.75519 2.69102 12.0069 -6.08466
0.544 3.23348 0.835491 0.167077 2.38086 -0.149944 -0.152422 -5.86566 2.71621 12.2309 -6.19807
0.549 3.26824 0.846986 0.167221 2.40573 -0.151696 -0.154216 -5.97716 2.74139 12.457 -6.31253
0.554 3.303 0.858491 0.167365 2.4306 -0.153453 -0.156015 -6.08969 2.76656 12.6852 -6.42803
0.559 3.33777 0.870007 0.167509 2.45547 -0.155216 -0.15782 -6.20326 2.79172 12.9154 -6.54459
0.564 3.37255 0.881534 0.167652 2.48035 -0.156983 -0.15963 -6.31786 2.81688 13.1478 -6.66219
0.569 3.40733 0.893071 0.167795 2.50522 -0.158755 -0.161445 -6.43349 2.84203 13.3822 -6.78083
0.574 3.44212 0.90462 0.167937 2.5301 -0.160533 -0.163266 -6.55015 2.86717 13.6187 -6.90053
0.579 3.47692 0.91618 0.16808 2.55498 -0.162315 -0.165092 -6.66785 2.8923 13.8573 -7.02127
0.584 3.51172 0.927751 0.168222 2.57985 -0.164102 -0.166923 -6.78658 2.91743 14.098 -7.14306
0.589 3.54654 0.939333 0.168364 2.60473 -0.165894 -0.16876 -6.90634 2.94255 14.3407 -7.2659
0.594 3.58136 0.950927 0.168505 2.62962 -0.167691 -0.170602 -7.02714 2.96766 14.5855 -7.38978
0.599 3.61618 0.962531 0.168647 2.6545 -0.169493 -0.172448 -7.14897 2.99276 14.8324 -7.51471
0.604 3.65102 0.974148 0.168788 2.67938 -0.171299 -0.1743 -7.27183 3.01785 15.0814 -7.64069
0.609 3.68586 0.985777 0.168928 2.70426 -0.17311 -0.176157 -7.39573 3.04294 15.3325 -7.76771
0.614 3.72071 0.997417 0.169069 2.72915 -0.174926 -0.17802 -7.52065 3.06802 15.5856 -7.89579
0.619 3.75557 1.00907 0.169209 2.75404 -0.176747 -0.179887 -7.64662 3.09309 15.8408 -8.02491
0.624 3.79043 1.02073 0.169349 2.77892 -0.178572 -0.181759 -7.77361 3.11815 16.0981 -8.15507
0.629 3.82531 1.03241 0.169489 2.80381 -0.180402 -0.183636 -7.90164 3.1432 16.3575 -8.28629
0.634 3.86019 1.0441 0.169628 2.8287 -0.182236 -0.185518 -8.0307 3.16824 16.619 -8.41855
0.639 3.89508 1.0558 0.169768 2.85359 -0.184075 -0.187405 -8.1608 3.19328 16.8825 -8.55186
0.644 3.92998 1.06751 0.169907 2.87848 -0.185918 -0.189297 -8.29193 3.21831 17.1482 -8.68621
0.649 3.96489 1.07924 0.170046 2.90337 -0.187766 -0.191194 -8.42409 3.24333 17.4159 -8.82161
0.654 3.9998 1.09097 0.170184 2.92827 -0.189619 -0.193095 -8.55729 3.26834 17.6856 -8.95806
0.659 4.03473 1.10272 0.170323 2.95316 -0.191475 -0.195002 -8.69152 3.29334 17.9575 -9.09556
0.664 4.06966 1.11449 0.170461 2.97805 -0.193337 -0.196913 -8.82678 3.31833 18.2315 -9.2341
0.669 4.10461 1.12626 0.170599 3.00295 -0.195202 -0.198829 -8.96308 3.34332 18.5075 -9.3737
0.674 4.13956 1.13805 0.170737 3.02784 -0.197072 -0.200749 -9.10042 3.3683 18.7856 -9.51433
0.679 4.17452 1.14985 0.170875 3.05274 -0.198947 -0.202675 -9.23878 3.39326 19.0658 -9.65602
0.684 4.20949 1.16166 0.171013 3.07764 -0.200826 -0.204605 -9.37818 3.41822 19.3481 -9.79875
0.689 4.24447 1.17349 0.17115 3.10254 -0.202709 -0.206539 -9.51862 3.44317 19.6324 -9.94253
0.694 4.27946 1.18533 0.171287 3.12744 -0.204596 -0.208479 -9.66009 3.46812 19.9189 -10.0874
0.699 4.31445 1.19718 0.171424 3.15234 -0.206487 -0.210423 -9.80259 3.49305 20.2074 -10.2332
0.704 4.34946 1.20905 0.171561 3.17724 -0.208383 -0.212371 -9.94613 3.51798 20.498 -10.3802
0.709 4.38448 1.22092 0.171698 3.20214 -0.210283 -0.214324 -10.0907 3.54289 20.7907 -10.5281
0.714 4.41951 1.23281 0.171835 3.22704 -0.212187 -0.216282 -10.2363 3.5678 21.0854 -10.6771
0.719 4.45454 1.24472 0.171971 3.25195 -0.214096 -0.218244 -10.3829 3.5927 21.3823 -10.8272
0.724 4.48959 1.25664 0.172107 3.27685 -0.216008 -0.220211 -10.5306 3.61759 21.6812 -10.9783
0.729 4.52464 1.26857 0.172243 3.30176 -0.217925 -0.222182 -10.6793 3.64247 21.9822 -11.1305
0.734 4.55971 1.28051 0.17238 3.32666 -0.219845 -0.224157 -10.8291 3.66734 22.2853 -11.2837
0.739 4.59478 1.29247 0.172515 3.35157 -0.22177 -0.226137 -10.9799 3.6922 22.5904 -11.4379
0.744 4.62987 1.30444 0.172651 3.37647 -0.223699 -0.228122 -11.1317 3.71705 22.8977 -11.5932
0.749 4.66496 1.31642 0.172787 3.40138 -0.225632 -0.230111 -11.2845 3.7419 23.207 -11.7496
0.754 4.70006 1.32842 0.172922 3.42629 -0.227568 -0.232104 -11.4384 3.76673 23.5184 -11.907
0.759 4.73518 1.34043 0.173058 3.4512 -0.229509 -0.234101 -11.5933 3.79156 23.8319 -12.0654
0.764 4.7703 1.35246 0.173193 3.47611 -0.231454 -0.236103 -11.7493 3.81638 24.1475 -12.2249
0.769 4.80544 1.36449 0.173328 3.50102 -0.233403 -0.238109 -11.9063 3.84119 24.4652 -12.3854
0.774 4.84058 1.37654 0.173464 3.52593 -0.235356 -0.24012 -12.0643 3.86599 24.7849 -12.547
0.779 4.87574 1.38861 0.173599 3.55084 -0.237312 -0.242135 -12.2233 3.89078 25.1067 -12.7096
0.784 4.91299 1.40278 0.173716 3.57577 -0.239268 -0.244148 -12.3835 3.91546 25.4307 -12.8733
0.789 4.95089 1.41759 0.173828 3.60069 -0.241226 -0.246165 -12.5448 3.94009 25.7568 -13.038
0.794 4.98879 1.43241 0.173939 3.62562 -0.243187 -0.248185 -12.7071 3.96472 26.085 -13.2038
0.799 5.02669 1.44724 0.174051 3.65055 -0.245153 -0.25021 -12.8704 3.98933 26.4153 -13.3706
0.804 5.0646 1.46208 0.174163 3.67548 -0.247123 -0.252239 -13.0348 4.01393 26.7476 -13.5385
0.809 5.10252 1.47693 0.174275 3.70041 -0.249096 -0.254272 -13.2002 4.03852 27.0821 -13.7074
0.814 5.14045 1.49179 0.174387 3.72534 -0.251074 -0.25631 -13.3666 4.0631 27.4186 -13.8774
0.819 5.17838 1.50667 0.174499 3.75027 -0.253055 -0.258352 -13.5341 4.08767 27.7572 -14.0484
0.824 5.21632 1.52155 0.17461 3.77521 -0.25504 -0.260398 -13.7026 4.11223 28.0978 -14.2204
0.829 5.25427 1.53644 0.174722 3.80014 -0.257029 -0.262448 -13.8722 4.13677 28.4406 -14.3935
0.834 5.29223 1.55135 0.174834 3.82507 -0.259022 -0.264502 -14.0427 4.16131 28.7855 -14.5677
0.839 5.33019 1.56626 0.174946 3.85 -0.261018 -0.26656 -14.2144 4.18583 29.1324 -14.7429
0.844 5.36816 1.58119 0.175059 3.87493 -0.263018 -0.268622 -14.387 4.21034 29.4814 -14.9191
0.849 5.40614 1.59613 0.175171 3.89987 -0.265022 -0.270689 -14.5607 4.23484 29.8325 -15.0964
0.854 5.44413 1.61107 0.175283 3.9248 -0.267029 -0.272759 -14.7354 4.25933 30.1856 -15.2748
0.859 5.48212 1.62603 0.175395 3.94973 -0.269041 -0.274834 -14.9112 4.28381 30.5409 -15.4541
0.864 5.52012 1.641 0.175507 3.97467 -0.271055 -0.276912 -15.088 4.30828 30.8982 -15.6346
0.869 5.55813 1.65598 0.175619 3.9996 -0.273074 -0.278995 -15.2658 4.33273 31.2577 -15.8161
0.874 5.59615 1.67098 0.175732 4.02454 -0.275096 -0.281082 -15.4446 4.35717 31.6192 -15.9986
0.879 5.63418 1.68598 0.175844 4.04947 -0.277122 -0.283172 -15.6245 4.38161 31.9827 -16.1822
0.884 5.67221 1.701 0.175956 4.07441 -0.279151 -0.285267 -15.8055 4.40603 32.3484 -16.3668
0.889 5.71025 1.71602 0.176069 4.09935 -0.281184 -0.287365 -15.9874 4.43044 32.7162 -16.5524
0.894 5.7483 1.73106 0.176181 4.12428 -0.283221 -0.289467 -16.1705 4.45483 33.086 -16.7392
0.899 5.78636 1.74611 0.176293 4.14922 -0.285261 -0.291574 -16.3545 4.47922 33.4579 -16.9269
0.904 5.82442 1.76116 0.176406 4.17416 -0.287305 -0.293684 -16.5396 4.50359 33.8319 -17.1157
0.909 5.86249 1.77623 0.176518 4.19909 -0.289352 -0.295798 -16.7257 4.52795 34.208 -17.3056
0.914 5.90057 1.79132 0.176631 4.22403 -0.291403 -0.297916 -16.9128 4.5523 34.5862 -17.4965
0.919 5.93866 1.80641 0.176743 4.24897 -0.293457 -0.300038 -17.101 4.57664 34.9664 -17.6884
0.924 5.97676 1.82151 0.176856 4.27391 -0.295515 -0.302164 -17.2902 4.60097 35.3488 -17.8814
0.929 6.01487 1.83663 0.176969 4.29884 -0.297576 -0.304293 -17.4805 4.62528 35.7332 -18.0755
0.934 6.05298 1.85175 0.177081 4.32378 -0.29964 -0.306426 -17.6718 4.64959 36.1197 -18.2706
0.939 6.0911 1.86689 0.177194 4.34872 -0.301708 -0.308564 -17.8641 4.67388 36.5082 -18.4667
0.944 6.12923 1.88204 0.177307 4.37366 -0.30378 -0.310705 -18.0575 4.69816 36.8989 -18.6639
0.949 6.16737 1.8972 0.17742 4.3986 -0.305855 -0.312849 -18.2519 4.72243 37.2917 -18.8621
0.954 6.20552 1.91237 0.177533 4.42354 -0.307933 -0.314998 -18.4473 4.74668 37.6865 -19.0614
0.959 6.24367 1.92756 0.177646 4.44848 -0.310015 -0.31715 -18.6438 4.77093 38.0834 -19.2618
0.964 6.28183 1.94275 0.177758 4.47342 -0.3121 -0.319306 -18.8413 4.79516 38.4824 -19.4631
0.969 6.32001 1.95796 0.177871 4.49836 -0.314189 -0.321466 -19.0398 4.81938 38.8835 -19.6656
0.974 6.35819 1.97318 0.177984 4.52331 -0.316281 -0.323629 -19.2394 4.84359 39.2867 -19.869
0.979 6.39637 1.98841 0.178098 4.54825 -0.318376 -0.325796 -19.44 4.86778 39.6919 -20.0735
0.984 6.43457 2.00365 0.178211 4.57319 -0.320475 -0.327967 -19.6417 4.89197 40.0992 -20.2791
0.989 6.47278 2.0189 0.178324 4.59813 -0.322576 -0.330141 -19.8443 4.91614 40.5086 -20.4857
0.994 6.51099 2.03416 0.178437 4.62307 -0.324682 -0.332319 -20.0481 4.9403 40.9201 -20.6934
0.999 6.54921 2.04944 0.17855 4.64802 -0.32679 -0.334501 -20.2528 4.96445 41.3337 -20.9021
1.004 6.58745 2.06473 0.178664 4.67296 -0.328902 -0.336686 -20.4586 4.98858 41.7494 -21.1118
1.009 6.62569 2.08002 0.178777 4.6979 -0.331017 -0.338876 -20.6655 5.01271 42.1671 -21.3226
1.014 6.66393 2.09533 0.17889 4.72285 -0.333135 -0.341068 -20.8733 5.03682 42.587 -21.5345
1.019 6.70219 2.11066 0.179004 4.74779 -0.335257 -0.343264 -21.0822 5.06092 43.0089 -21.7474
1.024 6.74046 2.12599 0.179117 4.77273 -0.337381 -0.345464 -21.2922 5.08501 43.4329 -21.9613
1.029 6.77873 2.14133 0.179231 4.79768 -0.339509 -0.347668 -21.5032 5.10909 43.859 -22.1763
1.034 6.81702 2.15669 0.179344 4.82262 -0.341641 -0.349875 -21.7152 5.13315 44.2872 -22.3924
1.039 6.85531 2.17206 0.179458 4.84757 -0.343775 -0.352085 -21.9282 5.1572 44.7174 -22.6094
1.044 6.89361 2.18744 0.179572 4.87251 -0.345913 -0.354299 -22.1423 5.18124 45.1497 -22.8276
1.049 6.93192 2.20283 0.179685 4.89746 -0.348053 -0.356517 -22.3574 5.20527 45.5842 -23.0467
1.054 6.97024 2.21823 0.179799 4.9224 -0.350197 -0.358738 -22.5736 5.22928 46.0207 -23.267
1.059 7.00857 2.23365 0.179913 4.94735 -0.352344 -0.360962 -22.7908 5.25328 46.4592 -23.4882
1.064 7.0469 2.24908 0.180027 4.97229 -0.354495 -0.363191 -23.009 5.27727 46.8999 -23.7106
1.069 7.08525 2.26451 0.180141 4.99724 -0.356648 -0.365422 -23.2283 5.30125 47.3427 -23.9339
1.074 7.1236 2.27996 0.180254 5.02219 -0.358804 -0.367657 -23.4486 5.32522 47.7875 -24.1583
1.079 7.16197 2.29543 0.180369 5.04713 -0.360964 -0.369896 -23.67 5.34917 48.2344 -24.3838
1.084 7.20034 2.3109 0.180483 5.07208 -0.363127 -0.372138 -23.8923 5.37311 48.6834 -24.6103
1.089 7.23872 2.32639 0.180597 5.09703 -0.365293 -0.374383 -24.1158 5.39704 49.1345 -24.8379
1.094 7.27711 2.34188 0.180711 5.12198 -0.367461 -0.376632 -24.3402 5.42096 49.5877 -25.0665
1.099 7.31551 2.35739 0.180825 5.14692 -0.369633 -0.378884 -24.5657 5.44486 50.043 -25.2961
1.104 7.35392 2.37291 0.180939 5.17187 -0.371808 -0.38114 -24.7922 5.46876 50.5003 -25.5268
1.109 7.39233 2.38845 0.181054 5.19682 -0.373987 -0.383399 -25.0198 5.49263 50.9597 -25.7586
1.114 7.43076 2.40399 0.181168 5.22177 -0.376168 -0.385662 -25.2484 5.5165 51.4213 -25.9914
1.119 7.46919 2.41955 0.181282 5.24672 -0.378352 -0.387928 -25.478 5.54036 51.8849 -26.2252
1.124 7.50764 2.43511 0.181397 5.27167 -0.380539 -0.390197 -25.7087 5.5642 52.3505 -26.4601
1.129 7.54609 2.45069 0.181511 5.29662 -0.382729 -0.39247 -25.9404 5.58803 52.8183 -26.696
1.134 7.58456 2.46629 0.181626 5.32157 -0.384922 -0.394746 -26.1732 5.61184 53.2882 -26.933
1.139 7.62303 2.48189 0.181741 5.34652 -0.387119 -0.397025 -26.407 5.63565 53.7601 -27.171
1.144 7.66151 2.49751 0.181855 5.37147 -0.389318 -0.399308 -26.6418 5.65944 54.2341 -27.4101
1.149 7.7 2.51313 0.18197 5.39642 -0.39152 -0.401594 -26.8777 5.68322 54.7102 -27.6502
1.154 7.7385 2.52877 0.182085 5.42137 -0.393725 -0.403883 -27.1146 5.70699 55.1884 -27.8914
1.159 7.77701 2.54442 0.1822 5.44632 -0.395933 -0.406176 -27.3525 5.73074 55.6687 -28.1336
1.164 7.81552 2.56009 0.182315 5.47127 -0.398144 -0.408472 -27.5915 5.75448 56.151 -28.3769
1.169 7.85405 2.57576 0.18243 5.49622 -0.400358 -0.410771 -27.8315 5.77821 56.6355 -28.6212
1.174 7.89259 2.59145 0.182545 5.52117 -0.402575 -0.413073 -28.0725 5.80193 57.122 -28.8665
1.179 7.93255 2.60857 0.182653 5.54612 -0.404792 -0.415376 -28.3147 5.82558 57.6106 -29.113
1.184 7.97416 2.62733 0.182752 5.57108 -0.407009 -0.417679 -28.5579 5.84916 58.1014 -29.3604
1.189 8.01577 2.64611 0.182851 5.59604 -0.40923 -0.419986 -28.8022 5.87271 58.5943 -29.6089
1.194 8.05739 2.66489 0.182951 5.62101 -0.411453 -0.422295 -29.0475 5.89626 59.0893 -29.8585
1.199 8.09902 2.68368 0.18305 5.64597 -0.413679 -0.424608 -29.2939 5.91979 59.5864 -30.109
1.204 8.14065 2.70249 0.18315 5.67093 -0.415908 -0.426924 -29.5413 5.9433 60.0855 -30.3607
1.209 8.18229 2.7213 0.18325 5.69589 -0.41814 -0.429244 -29.7897 5.9668 60.5867 -30.6134
1.214 8.22394 2.74012 0.183349 5.72085 -0.420375 -0.431567 -30.0392 5.99029 61.09 -30.8671
1.219 8.2656 2.75896 0.183449 5.74581 -0.422612 -0.433893 -30.2897 6.01376 61.5954 -31.1219
1.224 8.30726 2.7778 0.183549 5.77077 -0.424853 -0.436222 -30.5412 6.03722 62.1029 -31.3777
1.229 8.34893 2.79665 0.183649 5.79573 -0.427096 -0.438554 -30.7938 6.06066 62.6125 -31.6346
1.234 8.39061 2.81551 0.183749 5.82069 -0.429342 -0.440889 -31.0474 6.08409 63.1241 -31.8925
1.239 8.4323 2.83439 0.183849 5.84565 -0.431591 -0.443228 -31.3021 6.1075 63.6379 -32.1515
1.244 8.47399 2.85327 0.18395 5.87062 -0.433843 -0.44557 -31.5578 6.1309 64.1537 -32.4115
1.249 8.51569 2.87216 0.18405 5.89558 -0.436098 -0.447915 -31.8145 6.15429 64.6716 -32.6726
1.254 8.5574 2.89107 0.184151 5.92054 -0.438355 -0.450263 -32.0723 6.17766 65.1916 -32.9347
1.259 8.59912 2.90998 0.184251 5.9455 -0.440616 -0.452615 -32.3311 6.20102 65.7136 -33.1979
1.264 8.64084 2.9289 0.184352 5.97046 -0.442879 -0.454969 -32.591 6.22436 66.2378 -33.4621
1.269 8.68257 2.94784 0.184452 5.99543 -0.445145 -0.457327 -32.8518 6.24769 66.764 -33.7273
1.274 8.72431 2.96678 0.184553 6.02039 -0.447413 -0.459687 -33.1138 6.27101 67.2924 -33.9936
1.279 8.76605 2.98573 0.184654 6.04535 -0.449685 -0.462051 -33.3767 6.29431 67.8228 -34.261
1.284 8.80781 3.0047 0.184755 6.07031 -0.451959 -0.464418 -33.6407 6.31759 68.3553 -34.5294
1.289 8.84957 3.02367 0.184856 6.09528 -0.454236 -0.466789 -33.9058 6.34086 68.8899 -34.7988
1.294 8.89134 3.04266 0.184957 6.12024 -0.456516 -0.469162 -34.1718 6.36412 69.4265 -35.0693
1.299 8.93311 3.06165 0.185058 6.1452 -0.458798 -0.471538 -34.439 6.38736 69.9653 -35.3408
1.304 8.9749 3.08065 0.18516 6.17017 -0.461084 -0.473917 -34.7071 6.41059 70.5061 -35.6134
1.309 9.01669 3.09967 0.185261 6.19513 -0.463371 -0.4763 -34.9763 6.4338 71.0491 -35.8871
1.314 9.05849 3.11869 0.185362 6.22009 -0.465662 -0.478685 -35.2465 6.457 71.5941 -36.1617
1.319 9.10029 3.13773 0.185464 6.24506 -0.467956 -0.481074 -35.5178 6.48018 72.1412 -36.4375
1.324 9.14211 3.15677 0.185565 6.27002 -0.470251 -0.483466 -35.7901 6.50335 72.6903 -36.7142
1.329 9.18393 3.17583 0.185667 6.29498 -0.47255 -0.48586 -36.0634 6.52651 73.2416 -36.9921
1.334 9.22576 3.19489 0.185769 6.31995 -0.474852 -0.488258 -36.3378 6.54965 73.795 -37.2709
1.339 9.26759 3.21397 0.185871 6.34491 -0.477156 -0.490659 -36.6132 6.57277 74.3504 -37.5508
1.344 9.30944 3.23305 0.185973 6.36988 -0.479463 -0.493063 -36.8897 6.59589 74.9079 -37.8318
1.349 9.35129 3.25215 0.186075 6.39484 -0.481772 -0.49547 -37.1672 6.61898 75.4675 -38.1138
1.354 9.39315 3.27125 0.186177 6.41981 -0.484084 -0.497879 -37.4457 6.64207 76.0292 -38.3969
1.359 9.43502 3.29037 0.186279 6.44477 -0.486399 -0.500292 -37.7252 6.66514 76.593 -38.681
1.364 9.4769 3.3095 0.186381 6.46974 -0.488717 -0.502708 -38.0059 6.68819 77.1589 -38.9661
1.369 9.51878 3.32863 0.186483 6.4947 -0.491037 -0.505127 -38.2875 6.71123 77.7268 -39.2523
1.374 9.56067 3.34778 0.186586 6.51966 -0.493359 -0.507549 -38.5702 6.73425 78.2968 -39.5396
1.379 9.60257 3.36694 0.186688 6.54463 -0.495685 -0.509973 -38.8539 6.75726 78.869 -39.8279
1.384 9.64448 3.38611 0.186791 6.5696 -0.498013 -0.512401 -39.1387 6.78025 79.4432 -40.1172
1.389 9.68639 3.40528 0.186894 6.59456 -0.500343 -0.514832 -39.4244 6.80323 80.0195 -40.4076
1.394 9.72832 3.42447 0.186996 6.61953 -0.502676 -0.517265 -39.7113 6.8262 80.5978 -40.699
1.399 9.77025 3.44367 0.187099 6.64449 -0.505012 -0.519702 -39.9992 6.84915 81.1783 -40.9915
1.404 9.81219 3.46288 0.187202 6.66946 -0.507351 -0.522142 -40.2881 6.87209 81.7608 -41.2851
1.409 9.85413 3.4821 0.187305 6.69442 -0.509692 -0.524584 -40.578 6.89501 82.3455 -41.5796
1.414 9.89609 3.50132 0.187408 6.71939 -0.512035 -0.527029 -40.869 6.91791 82.9322 -41.8753
1.419 9.93805 3.52056 0.187511 6.74435 -0.514381 -0.529478 -41.161 6.94081 83.521 -42.1719
1.424 9.98002 3.53981 0.187614 6.76932 -0.51673 -0.531929 -41.4541 6.96368 84.1119 -42.4696
1.429 10.022 3.55907 0.187718 6.79429 -0.519081 -0.534383 -41.7482 6.98654 84.7049 -42.7684
1.434 10.064 3.57834 0.187821 6.81925 -0.521435 -0.53684 -42.0433 7.00939 85.2999 -43.0682
1.439 10.106 3.59762 0.187924 6.84422 -0.523791 -0.5393 -42.3395 7.03222 85.8971 -43.3691
1.444 10.148 3.61691 0.188028 6.86919 -0.52615 -0.541763 -42.6367 7.05504 86.4963 -43.671
1.449 10.19 3.63621 0.188132 6.89415 -0.528511 -0.544229 -42.935 7.07785 87.0976 -43.9739
1.454 10.232 3.65552 0.188235 6.91912 -0.530875 -0.546697 -43.2343 7.10063 87.701 -44.2779
1.459 10.274 3.67485 0.188339 6.94409 -0.533242 -0.549169 -43.5346 7.12341 88.3065 -44.583
1.464 10.3161 3.69418 0.188443 6.96905 -0.535611 -0.551643 -43.836 7.14617 88.9141 -44.8891
1.469 10.3581 3.71352 0.188547 6.99402 -0.537982 -0.55412 -44.1384 7.16891 89.5237 -45.1962
1.474 10.4002 3.73287 0.188651 7.01899 -0.540356 -0.5566 -44.4418 7.19164 90.1355 -45.5044
1.479 10.4422 3.75224 0.188755 7.04396 -0.542733 -0.559083 -44.7463 7.21435 90.7493 -45.8137
1.484 10.4843 3.77161 0.188859 7.06892 -0.545112 -0.561569 -45.0518 7.23705 91.3652 -46.1239
1.489 10.5264 3.79099 0.188963 7.09389 -0.547493 -0.564058 -45.3584 7.25974 91.9832 -46.4353
1.494 10.5684 3.81038 0.189068 7.11886 -0.549877 -0.566549 -45.666 7.28241 92.6033 -46.7477
1.499 10.6105 3.82979 0.189172 7.14383 -0.552264 -0.569043 -45.9746 7.30506 93.2255 -47.0611
1.504 10.6526 3.8492 0.189277 7.16879 -0.554652 -0.57154 -46.2843 7.3277 93.8497 -47.3756



