0.001 8.19312e-05 0.000125244 1.77969e-06 0 -4.50924e-05 -4.51076e-05 -1.25214e-05 -2.15464e-05 3.52453e-05 -2.0944e-05
0.002 0.000148382 0.000252122 6.58407e-06 0 -0.000110323 -0.000110381 -5.13666e-05 -4.29283e-05 0.000141727 -8.37758e-05
0.003 0.000211536 0.000383526 1.34259e-05 0 -0.000185416 -0.00018554 -0.000119056 -5.70886e-05 0.00032098 -0.000188496
0.004 0.000277361 0.000523333 2.14661e-05 0 -0.000267438 -0.000267649 -0.000217941 -6.38951e-05 0.000574515 -0.000335103
0.005 0.000349641 0.000674508 3.01071e-05 0 -0.000354974 -0.000355291 -0.000349969 -6.41758e-05 0.000903681 -0.000523599
0.006 0.000430508 0.000838749 3.89713e-05 0 -0.000447212 -0.000447654 -0.000516623 -5.88108e-05 0.00130959 -0.000753982
0.007 0.000520907 0.00101669 4.78515e-05 0 -0.000543638 -0.000544223 -0.00071897 -4.84941e-05 0.00179309 -0.00102625
0.008 0.000621004 0.00120824 5.66464e-05 0 -0.000643885 -0.000644631 -0.000957746 -3.37068e-05 0.00235482 -0.00134041
0.009 0.000859859 0.00154514 6.06133e-05 0 -0.000745895 -0.000746812 -0.00124996 -3.15377e-05 0.00300705 -0.00169646
0.01 0.00114044 0.00192833 6.35875e-05 0 -0.000851481 -0.000852587 -0.00158514 -3.35189e-05 0.00374315 -0.0020944
0.011 0.00141488 0.00230853 6.72776e-05 0 -0.00096093 -0.000962247 -0.00195756 -3.37843e-05 0.00455909 -0.00253422
0.012 0.0016848 0.00268707 7.15538e-05 0 -0.00107382 -0.00107537 -0.00236743 -3.22169e-05 0.00545495 -0.00301593
0.013 0.00195152 0.00306504 7.6339e-05 0 -0.00118987 -0.00119167 -0.00281502 -2.88255e-05 0.00643093 -0.00353953
0.014 0.00221574 0.00344298 8.15715e-05 0 -0.00130881 -0.00131088 -0.00330042 -2.35117e-05 0.00748706 -0.00410501
0.015 0.00247811 0.00382135 8.72113e-05 0 -0.00143046 -0.00143282 -0.00382378 -1.62593e-05 0.00862344 -0.00471239
0.016 0.00273918 0.0042006 9.32275e-05 0 -0.00155465 -0.00155733 -0.00438521 -7.02344e-06 0.00984015 -0.00536165
0.017 0.00299926 0.00458092 9.9588e-05 0 -0.00168125 -0.00168426 -0.00498479 4.22844e-06 0.0111373 -0.0060528
0.018 0.00325872 0.00496257 0.000106274 0 -0.00181012 -0.00181348 -0.00562265 1.74874e-05 0.0125148 -0.00678584
0.019 0.00351784 0.00534575 0.000113266 0 -0.00194117 -0.0019449 -0.00629886 3.27675e-05 0.013973 -0.00756077
0.02 0.00377674 0.00573049 0.000120543 0 -0.00207429 -0.00207841 -0.00701341 5.01638e-05 0.0155116 -0.00837758
0.021 0.00403577 0.00611709 0.000128093 0 -0.00220941 -0.00221393 -0.00776651 6.956e-05 0.017131 -0.00923628
0.022 0.00429498 0.00650552 0.0001359 0 -0.00234644 -0.00235138 -0.00855813 9.10169e-05 0.018831 -0.0101369
0.023 0.00455456 0.00689591 0.00014395 0 -0.00248531 -0.00249069 -0.00938835 0.000114551 0.0206118 -0.0110794
0.024 0.00481468 0.0072884 0.000152236 0 -0.00262596 -0.00263181 -0.0102572 0.000140139 0.0224733 -0.0120637
0.025 0.00507537 0.00768296 0.000160738 0 -0.00276832 -0.00277465 -0.0111648 0.000167786 0.0244157 -0.01309
0.026 0.00533689 0.0080798 0.000169457 0 -0.00291236 -0.00291918 -0.0121112 0.00019746 0.026439 -0.0141581
0.027 0.00559917 0.00847881 0.000178371 0 -0.003058 -0.00306534 -0.0130964 0.000229175 0.0285431 -0.0152681
0.028 0.00586247 0.00888021 0.000187482 0 -0.00320522 -0.00321309 -0.0141205 0.000262927 0.0307283 -0.0164201
0.029 0.00612669 0.00928388 0.000196771 0 -0.00335396 -0.00336238 -0.0151835 0.000298704 0.0329944 -0.0176139
0.03 0.0063921 0.00969006 0.000206242 0 -0.0035042 -0.00351319 -0.0162855 0.000336421 0.0353416 -0.0188496
0.031 0.00665863 0.0100986 0.000215875 0 -0.00365588 -0.00366545 -0.0174266 0.000376176 0.0377698 -0.0201271
0.032 0.00692637 0.0105097 0.000225665 0 -0.00380896 -0.00381913 -0.0186066 0.000417971 0.0402791 -0.0214466
0.033 0.00719549 0.0109233 0.000235616 0 -0.00396344 -0.00397423 -0.0198258 0.000461608 0.0428697 -0.022808
0.034 0.00746593 0.0113395 0.000245708 0 -0.00411925 -0.00413068 -0.0210841 0.000507282 0.0455413 -0.0242112
0.035 0.00773773 0.0117582 0.000255938 0 -0.00427638 -0.00428846 -0.0223816 0.000554881 0.0482942 -0.0256563
0.036 0.00801103 0.0121795 0.000266303 0 -0.00443481 -0.00444756 -0.0237183 0.000604412 0.0511283 -0.0271434
0.037 0.00828577 0.0126035 0.000276795 0 -0.00459449 -0.00460793 -0.0250942 0.000655897 0.0540436 -0.0286723
0.038 0.00856213 0.0130301 0.000287412 0 -0.00475542 -0.00476956 -0.0265094 0.000709221 0.0570403 -0.0302431
0.039 0.00883999 0.0134594 0.000298142 0 -0.00491755 -0.00493242 -0.0279639 0.000764504 0.0601182 -0.0318557
0.04 0.00911955 0.0138915 0.00030899 0 -0.00508089 -0.00509649 -0.0294579 0.0008216 0.0632776 -0.0335103
0.041 0.00940071 0.0143262 0.00031994 0 -0.00524539 -0.00526174 -0.0309911 0.000880638 0.0665183 -0.0352068
0.042 0.00968357 0.0147636 0.000330997 0 -0.00541104 -0.00542817 -0.0325639 0.0009414 0.0698405 -0.0369451
0.043 0.00996812 0.0152038 0.000342151 0 -0.00557782 -0.00559574 -0.034176 0.00100408 0.073244 -0.0387254
0.044 0.0104568 0.015851 0.000349527 0 -0.00574367 -0.00576237 -0.0358429 0.00105359 0.0767404 -0.0405475
0.045 0.0109953 0.0165495 0.000356066 0 -0.00591025 -0.00592973 -0.0375535 0.00110016 0.0803216 -0.0424115
0.046 0.0115332 0.0172485 0.000362723 0 -0.00607803 -0.00609832 -0.0393037 0.00114758 0.0839844 -0.0443174
0.047 0.0120707 0.0179482 0.000369508 0 -0.00624702 -0.00626813 -0.0410941 0.00119566 0.0877293 -0.0462652
0.048 0.0126078 0.0186485 0.000376409 0 -0.00641718 -0.00643913 -0.0429242 0.0012446 0.091556 -0.0482549
0.049 0.0131444 0.0193494 0.000383419 0 -0.00658847 -0.00661128 -0.0447941 0.00129437 0.0954646 -0.0502864
0.4 2.28014 0.553929 0.161896 1.66607 -0.10175 -0.10318 -3.10043 1.98514 6.61341 -3.35103
1 6.55683 2.05251 0.178595 4.65304 -0.327313 -0.33504 -20.2941 4.9686 41.4169 -20.944
0.1 0.776005 0.338648 0.291322 0.173964 -0.0279286 -0.0284303 -0.0305308 0.65731 0.531295 -0.20944
0.1 0.956467 0.487526 0.314386 0.184575 -0.0300197 -0.0306459 -0.023527 0.710483 0.547355 -0.20944
0.1 0.956467 0.487526 0.314386 0.184575 -0.0300197 -0.0306459 -0.023527 0.710483 0.547355 -0.20944
0.1 0.956467 0.487526 0.314386 0.184575 -0.0300197 -0.0306459 -0.023527 0.710483 0.547355 -0.20944
0.1 0.776005 0.338648 0.291322 0.173964 -0.0279286 -0.0284303 -0.0305308 0.65731 0.531295 -0.20944
0.1 1.06382 0.576738 0.323066 0.194938 -0.0309234 -0.0316105 -0.0212221 0.739652 0.55373 -0.20944
