0.100503
0.201005
0.301508
0.40201
0.502513
0.603015
0.703518
0.80402
0.904523
1.00503
1.10553
1.20603
1.30653
1.40704
1.50754
1.60804
1.70854
1.80905
1.90955
2.01005
2.11055
2.21106
2.31156
2.41206
2.51256
2.61307
2.71357
2.81407
2.91457
3.01508
3.11558
3.21608
3.31658
3.41709
3.51759
3.61809
3.71859
3.8191
3.9196
4.0201
4.1206
4.22111
4.32161
4.42211
4.52261
4.62312
4.72362
4.82412
4.92462
5.02513
5.12563
5.22613
5.32663
5.42714
5.52764
5.62814
5.72864
5.82915
5.92965
6.03015
6.13065
6.23116
6.33166
6.43216
6.53266
6.63317
6.73367
6.83417
6.93467
7.03518
7.13568
7.23618
7.33668
7.43719
7.53769
7.63819
7.73869
7.8392
7.9397
8.0402
8.1407
8.24121
8.34171
8.44221
8.54271
8.64322
8.74372
8.84422
8.94472
9.04523
9.14573
9.24623
9.34673
9.44724
9.54774
9.64824
9.74874
9.84925
9.94975
10.0503
10.1508
10.2513
10.3518
10.4523
10.5528
10.6533
10.7538
10.8543
10.9548
11.0553
11.1558
11.2563
11.3568
11.4573
11.5578
11.6583
11.7588
11.8593
11.9598
12.0603
12.1608
12.2613
12.3618
12.4623
12.5628
12.6633
12.7638
12.8643
12.9648
13.0653
13.1658
13.2663
13.3668
13.4673
13.5678
13.6683
13.7688
13.8693
13.9698
14.0704
14.1709
14.2714
14.3719
14.4724
14.5729
14.6734
14.7739
14.8744
14.9749
15.0754
15.1759
15.2764
15.3769
15.4774
15.5779
15.6784
15.7789
15.8794
15.9799
16.0804
16.1809
16.2814
16.3819
16.4824
16.5829
16.6834
16.7839
16.8844
16.9849
17.0854
17.1859
17.2864
17.3869
17.4874
17.5879
17.6884
17.7889
17.8894
17.9899
18.0905
18.191
18.2915
18.392
18.4925
18.593
18.6935
18.794
18.8945
18.995
19.0955
19.196
19.2965
19.397
19.4975
19.598
19.6985
19.799
19.8995
